10000    -2.2500320124428368e-09    1.1249701366098320e-09    -1.1250618758330048e-09
20000    -2.2500258467749645e-09    1.1249639715305510e-09    -1.1250618752444135e-09
30000    -2.2500296774085976e-09    1.1249678025156471e-09    -1.1250618748929504e-09
40000    -2.2500375595063532e-09    1.1249756847167385e-09    -1.1250618747896147e-09
50000    -2.2500460768048548e-09    1.1249842019427347e-09    -1.1250618748621202e-09
60000    -2.2500521551617823e-09    1.1249902802787825e-09    -1.1250618748829999e-09
70000    -2.2500653883899858e-09    1.1250035142346747e-09    -1.1250618741553111e-09
80000    -2.2500961982845101e-09    1.1250343250343833e-09    -1.1250618732501267e-09
90000    -2.2501414966975636e-09    1.1250796239201001e-09    -1.1250618727774635e-09
100000    -2.2501898405885925e-09    1.1251279676380996e-09    -1.1250618729504930e-09
110000    -2.2502287609152483e-09    1.1251668872133290e-09    -1.1250618737019193e-09
120000    -2.2502476178354080e-09    1.1251857429058377e-09    -1.1250618749295703e-09
130000    -2.2502401355781217e-09    1.1251782593445557e-09    -1.1250618762335660e-09
140000    -2.2502104361129324e-09    1.1251485590189199e-09    -1.1250618770940125e-09
150000    -2.2501695576482308e-09    1.1251076802980039e-09    -1.1250618773502269e-09
160000    -2.2501294604573494e-09    1.1250675834291774e-09    -1.1250618770281720e-09
170000    -2.2500996322502734e-09    1.1250377558518880e-09    -1.1250618763983854e-09
180000    -2.2500818302893724e-09    1.1250199544197500e-09    -1.1250618758696224e-09
190000    -2.2500726294910769e-09    1.1250107539372431e-09    -1.1250618755538338e-09
200000    -2.2500670522283569e-09    1.1250051767620382e-09    -1.1250618754663187e-09
210000    -2.2500637900832641e-09    1.1250019147841883e-09    -1.1250618752990759e-09
220000    -2.2500646253415969e-09    1.1250027502661416e-09    -1.1250618750754552e-09
230000    -2.2500658401532091e-09    1.1250039647101209e-09    -1.1250618754430882e-09
240000    -2.2500665785260989e-09    1.1250047041604075e-09    -1.1250618743656915e-09
250000    -2.2501156241694051e-09    1.1250537531639159e-09    -1.1250618710054892e-09
260000    -2.2502321822545488e-09    1.1251703140878524e-09    -1.1250618681666963e-09
270000    -2.2503743900995635e-09    1.1253125213109355e-09    -1.1250618687886280e-09
280000    -2.2504620096165494e-09    1.1254001361329088e-09    -1.1250618734836406e-09
290000    -2.2504299166250743e-09    1.1253680363686318e-09    -1.1250618802564425e-09
300000    -2.2502701171584254e-09    1.1252082314982702e-09    -1.1250618856601551e-09
310000    -2.2500417656246720e-09    1.1249798788602221e-09    -1.1250618867644499e-09
320000    -2.2498437591618274e-09    1.1247818764619539e-09    -1.1250618826998734e-09
330000    -2.2497654121696519e-09    1.1247035368388229e-09    -1.1250618753308290e-09
340000    -2.2498364428518367e-09    1.1247745744407678e-09    -1.1250618684110689e-09
350000    -2.2500130664844919e-09    1.1249512012709726e-09    -1.1250618652135193e-09
360000    -2.2501997826945278e-09    1.1251379152057699e-09    -1.1250618674887579e-09
370000    -2.2502932393084775e-09    1.1252313652351704e-09    -1.1250618740733071e-09
380000    -2.2502429559424436e-09    1.1251810748499002e-09    -1.1250618810925434e-09
390000    -2.2500849970728432e-09    1.1250231128631154e-09    -1.1250618842097278e-09
400000    -2.2499284341364156e-09    1.1248665533734698e-09    -1.1250618807629458e-09
410000    -2.2499005514780779e-09    1.1248386795853357e-09    -1.1250618718927422e-09
420000    -2.2500672671631546e-09    1.1250054049225953e-09    -1.1250618622405594e-09
430000    -2.2503911798816859e-09    1.1253293230610757e-09    -1.1250618568206102e-09
440000    -2.2507542746344826e-09    1.1256924159282410e-09    -1.1250618587062416e-09
450000    -2.2509999102795254e-09    1.1259380420225094e-09    -1.1250618682570160e-09
460000    -2.2510068046681564e-09    1.1259449229954426e-09    -1.1250618816727138e-09
470000    -2.2507560270333946e-09    1.1256941339963460e-09    -1.1250618930370486e-09
480000    -2.2503414919334910e-09    1.1252795944791157e-09    -1.1250618974543753e-09
490000    -2.2499262466595609e-09    1.1248643535540654e-09    -1.1250618931054955e-09
500000    -2.2496716406457580e-09    1.1246097585516560e-09    -1.1250618820941020e-09
510000    -2.2496606723288337e-09    1.1245988026151291e-09    -1.1250618697137046e-09
520000    -2.2498650656876146e-09    1.1248032043355438e-09    -1.1250618613520708e-09
530000    -2.2501647726407087e-09    1.1251029121409716e-09    -1.1250618604997371e-09
540000    -2.2504046358664457e-09    1.1253427689261846e-09    -1.1250618669402611e-09
550000    -2.2504733252891544e-09    1.1254114484965194e-09    -1.1250618767926350e-09
560000    -2.2503540336456763e-09    1.1252921488050543e-09    -1.1250618848406220e-09
570000    -2.2501300329846541e-09    1.1250681461101908e-09    -1.1250618868744633e-09
580000    -2.2499308997091718e-09    1.1248690171068227e-09    -1.1250618826023490e-09
590000    -2.2498579650248575e-09    1.1247960900670366e-09    -1.1250618749578208e-09
600000    -2.2499328586835055e-09    1.1248709900676538e-09    -1.1250618686158517e-09
610000    -2.2500888380407729e-09    1.1250269709056483e-09    -1.1250618671351246e-09
620000    -2.2502242223134570e-09    1.1251623518147873e-09    -1.1250618704986697e-09
630000    -2.2502573542413198e-09    1.1251954773800251e-09    -1.1250618768612947e-09
640000    -2.2501637326309194e-09    1.1251018500837187e-09    -1.1250618825472007e-09
650000    -2.2499888401464798e-09    1.1249269554906992e-09    -1.1250618846557806e-09
660000    -2.2498169596016924e-09    1.1247550772955398e-09    -1.1250618823061526e-09
670000    -2.2497250085095456e-09    1.1246631313782262e-09    -1.1250618771313194e-09
680000    -2.2497342485249099e-09    1.1246723756137452e-09    -1.1250618729111647e-09
690000    -2.2498087457698800e-09    1.1247468757057361e-09    -1.1250618700641438e-09
700000    -2.2499329163968200e-09    1.1248710480480022e-09    -1.1250618683488177e-09
710000    -2.2500667528094681e-09    1.1250048836678261e-09    -1.1250618691416420e-09
720000    -2.2501630111222487e-09    1.1251011392083136e-09    -1.1250618719139352e-09
730000    -2.2501953838958892e-09    1.1251335086277532e-09    -1.1250618752681360e-09
740000    -2.2501678449883770e-09    1.1251059673147257e-09    -1.1250618776736512e-09
750000    -2.2501109939531572e-09    1.1250491158608058e-09    -1.1250618780923515e-09
760000    -2.2500670220357596e-09    1.1250051455415885e-09    -1.1250618764941711e-09
770000    -2.2500661402156741e-09    1.1250042661782626e-09    -1.1250618740374116e-09
780000    -2.2501106984094665e-09    1.1250488262460070e-09    -1.1250618721634596e-09
790000    -2.2501764032392391e-09    1.1251145311586602e-09    -1.1250618720805790e-09
800000    -2.2502264544649767e-09    1.1251645809491786e-09    -1.1250618735157981e-09
810000    -2.2502414582076900e-09    1.1251795827638582e-09    -1.1250618754438318e-09
820000    -2.2502226241645436e-09    1.1251607475169141e-09    -1.1250618766476294e-09
830000    -2.2501971455005013e-09    1.1251352694664171e-09    -1.1250618760340841e-09
840000    -2.2502012632116050e-09    1.1251393893906744e-09    -1.1250618738209306e-09
850000    -2.2502561244446475e-09    1.1251942532284053e-09    -1.1250618712162422e-09
860000    -2.2503534987017616e-09    1.1252916288676865e-09    -1.1250618698340751e-09
870000    -2.2504572585530335e-09    1.1253953879969458e-09    -1.1250618705560878e-09
880000    -2.2505301167372715e-09    1.1254682438930991e-09    -1.1250618728441723e-09
890000    -2.2505452778181009e-09    1.1254834016117324e-09    -1.1250618762063685e-09
900000    -2.2504903605732251e-09    1.1254284809187395e-09    -1.1250618796544856e-09
910000    -2.2503752303063876e-09    1.1253133482365551e-09    -1.1250618820698325e-09
920000    -2.2502278536063591e-09    1.1251659707873105e-09    -1.1250618828190486e-09
930000    -2.2500830371477307e-09    1.1250211552601470e-09    -1.1250618818875837e-09
940000    -2.2499676789338769e-09    1.1249057988924731e-09    -1.1250618800414038e-09
950000    -2.2498887321523904e-09    1.1248268537023954e-09    -1.1250618784499950e-09
960000    -2.2498306903880299e-09    1.1247688123454201e-09    -1.1250618780426098e-09
970000    -2.2497676372485644e-09    1.1247057583668490e-09    -1.1250618788817154e-09
980000    -2.2496832536150380e-09    1.1246213737555748e-09    -1.1250618798594632e-09
990000    -2.2495930677991037e-09    1.1245311885134774e-09    -1.1250618792856263e-09
1000000    -2.2495340957271368e-09    1.1244722189450853e-09    -1.1250618767820515e-09
1010000    -2.2495386647912794e-09    1.1244767916508761e-09    -1.1250618731404033e-09
1020000    -2.2496150023486085e-09    1.1245531324631173e-09    -1.1250618698854912e-09
1030000    -2.2497400387970696e-09    1.1246781703575362e-09    -1.1250618684395334e-09
1040000    -2.2498713466563716e-09    1.1248094774059379e-09    -1.1250618692504336e-09
1050000    -2.2499669538723808e-09    1.1249050820295189e-09    -1.1250618718428619e-09
1060000    -2.2500047586980888e-09    1.1249428839699035e-09    -1.1250618747281854e-09
1070000    -2.2499972880005829e-09    1.1249354119045022e-09    -1.1250618760960807e-09
1080000    -2.2499862136916610e-09    1.1249243386033961e-09    -1.1250618750882649e-09
1090000    -2.2500145021195134e-09    1.1249526297581535e-09    -1.1250618723613598e-09
1100000    -2.2501029309028498e-09    1.1250410615813429e-09    -1.1250618693215069e-09
1110000    -2.2502441667483266e-09    1.1251822994834918e-09    -1.1250618672648348e-09
1120000    -2.2504081199054088e-09    1.1253462527123133e-09    -1.1250618671930955e-09
1130000    -2.2505465325504120e-09    1.1254846626419028e-09    -1.1250618699085092e-09
1140000    -2.2506254630749159e-09    1.1255635910311111e-09    -1.1250618720438048e-09
1150000    -2.2506930375004017e-09    1.1256311661403012e-09    -1.1250618713601005e-09
1160000    -2.2507848297678929e-09    1.1257229598357125e-09    -1.1250618699321804e-09
1170000    -2.2508996442413117e-09    1.1258377748962021e-09    -1.1250618693451096e-09
1180000    -2.2510035670222662e-09    1.1259416958962847e-09    -1.1250618711259815e-09
1190000    -2.2510502509780456e-09    1.1259883760504721e-09    -1.1250618749275735e-09
1200000    -2.2510096841545976e-09    1.1259478045736660e-09    -1.1250618795809316e-09
1210000    -2.2508832953327808e-09    1.1258214121870898e-09    -1.1250618831456911e-09
1220000    -2.2507130060984111e-09    1.1256511223197761e-09    -1.1250618837786350e-09
1230000    -2.2505615043929376e-09    1.1254996229348449e-09    -1.1250618814580927e-09
1240000    -2.2504696045641153e-09    1.1254077262852009e-09    -1.1250618782789144e-09
1250000    -2.2504278079873385e-09    1.1253659311697094e-09    -1.1250618768176291e-09
1260000    -2.2503834313748205e-09    1.1253215526932327e-09    -1.1250618786815878e-09
1270000    -2.2502679163189435e-09    1.1252060325884520e-09    -1.1250618837304914e-09
1280000    -2.2500367094421083e-09    1.1249748197224954e-09    -1.1250618897196128e-09
1290000    -2.2497063933461420e-09    1.1246445003454723e-09    -1.1250618930006696e-09
1300000    -2.2493644872936207e-09    1.1243025967035216e-09    -1.1250618905900991e-09
1310000    -2.2491309061826605e-09    1.1240690237460144e-09    -1.1250618824366461e-09
1320000    -2.2490947188172538e-09    1.1240328472563389e-09    -1.1250618715609149e-09
1330000    -2.2492641957728960e-09    1.1242023330961124e-09    -1.1250618626767836e-09
1340000    -2.2495550192524065e-09    1.1244931593154538e-09    -1.1250618599369528e-09
1350000    -2.2498292108764974e-09    1.1247673467843676e-09    -1.1250618640921298e-09
1360000    -2.2499706375502585e-09    1.1249087648957527e-09    -1.1250618726545058e-09
1370000    -2.2499297999725486e-09    1.1248679184263831e-09    -1.1250618815461655e-09
1380000    -2.2497457014150966e-09    1.1246838150845025e-09    -1.1250618863305941e-09
1390000    -2.2495321928728320e-09    1.1244703086351037e-09    -1.1250618842377283e-09
1400000    -2.2494300925036565e-09    1.1243682169421669e-09    -1.1250618755614896e-09
1410000    -2.2495383860835328e-09    1.1244765220917574e-09    -1.1250618639917754e-09
1420000    -2.2498656704282345e-09    1.1248038159487780e-09    -1.1250618544794564e-09
1430000    -2.2503265595790796e-09    1.1252647084405236e-09    -1.1250618511385560e-09
1440000    -2.2507779948129916e-09    1.1257161394544703e-09    -1.1250618553585213e-09
1450000    -2.2510837977283031e-09    1.1260219325938247e-09    -1.1250618651344784e-09
1460000    -2.2511734413001681e-09    1.1261115651795443e-09    -1.1250618761206238e-09
1470000    -2.2510720357472773e-09    1.1260101521307819e-09    -1.1250618836164954e-09
1480000    -2.2508757554741649e-09    1.1258138699259869e-09    -1.1250618855481780e-09
1490000    -2.2506904234557720e-09    1.1256285406365276e-09    -1.1250618828192445e-09
1500000    -2.2505874133569041e-09    1.1255255355085190e-09    -1.1250618778483851e-09
1510000    -2.2505765484383707e-09    1.1255146742239514e-09    -1.1250618742144194e-09
1520000    -2.2505988908607814e-09    1.1255370160066836e-09    -1.1250618748540978e-09
1530000    -2.2505613142298472e-09    1.1254994343653961e-09    -1.1250618798644511e-09
1540000    -2.2504036995892258e-09    1.1253418132276815e-09    -1.1250618863615443e-09
1550000    -2.2501248193190923e-09    1.1250629277743647e-09    -1.1250618915447275e-09
1560000    -2.2497746158971218e-09    1.1247127226410767e-09    -1.1250618932560451e-09
1570000    -2.2494295029154990e-09    1.1243676117428793e-09    -1.1250618911726197e-09
1580000    -2.2491492783003295e-09    1.1240873910828447e-09    -1.1250618872174848e-09
1590000    -2.2489659900276999e-09    1.1239041090872923e-09    -1.1250618809404075e-09
1600000    -2.2489310378814843e-09    1.1238691647630823e-09    -1.1250618731184019e-09
1610000    -2.2490358948904858e-09    1.1239740274758368e-09    -1.1250618674146490e-09
1620000    -2.2492166124603166e-09    1.1241547467754204e-09    -1.1250618656848962e-09
1630000    -2.2493916449894129e-09    1.1243297772008179e-09    -1.1250618677885950e-09
1640000    -2.2495011622074261e-09    1.1244392904043739e-09    -1.1250618718030522e-09
1650000    -2.2495355838853056e-09    1.1244737090565870e-09    -1.1250618748287186e-09
1660000    -2.2495358822784747e-09    1.1244740071724523e-09    -1.1250618751060224e-09
1670000    -2.2495585702514355e-09    1.1244966975548140e-09    -1.1250618726966215e-09
1680000    -2.2496466827733415e-09    1.1245848138676810e-09    -1.1250618689056604e-09
1690000    -2.2498051411087198e-09    1.1247432750838178e-09    -1.1250618660249020e-09
1700000    -2.2499990551698420e-09    1.1249371897223142e-09    -1.1250618654475278e-09
1710000    -2.2501825893493475e-09    1.1251207225100445e-09    -1.1250618668393031e-09
1720000    -2.2503369259903959e-09    1.1252750580350885e-09    -1.1250618679553074e-09
1730000    -2.2504858822377548e-09    1.1254240149918742e-09    -1.1250618672458805e-09
1740000    -2.2506702241507069e-09    1.1256083596720702e-09    -1.1250618644786367e-09
1750000    -2.2509223558130831e-09    1.1258604950249667e-09    -1.1250618607881164e-09
1760000    -2.2512377971596672e-09    1.1261759385658604e-09    -1.1250618585938069e-09
1770000    -2.2515625357799199e-09    1.1265006756529859e-09    -1.1250618601269340e-09
1780000    -2.2518111944234596e-09    1.1267493282376253e-09    -1.1250618661858343e-09
1790000    -2.2519016566153130e-09    1.1268397810485005e-09    -1.1250618755668125e-09
1800000    -2.2517947982022896e-09    1.1267329128804830e-09    -1.1250618853218066e-09
1810000    -2.2515183900086889e-09    1.1264564979159610e-09    -1.1250618920927278e-09
1820000    -2.2511510224197568e-09    1.1260891281177886e-09    -1.1250618943019682e-09
1830000    -2.2507835145393013e-09    1.1257216221754545e-09    -1.1250618923638468e-09
1840000    -2.2504780755056684e-09    1.1254161869320057e-09    -1.1250618885736627e-09
1850000    -2.2502427501350851e-09    1.1251808643446476e-09    -1.1250618857904375e-09
1860000    -2.2500358990532440e-09    1.1249740131702917e-09    -1.1250618858829523e-09
1870000    -2.2497981709791752e-09    1.1247362823124167e-09    -1.1250618886667585e-09
1880000    -2.2494944202384192e-09    1.1244325282579187e-09    -1.1250618919805005e-09
1890000    -2.2491475087334166e-09    1.1240856163011942e-09    -1.1250618924322224e-09
1900000    -2.2488432873896283e-09    1.1237813999694808e-09    -1.1250618874201475e-09
1910000    -2.2486952579977960e-09    1.1236333807957318e-09    -1.1250618772020642e-09
1920000    -2.2487762404704105e-09    1.1237143752376837e-09    -1.1250618652327268e-09
1930000    -2.2490770015142059e-09    1.1240151455939945e-09    -1.1250618559202115e-09
1940000    -2.2495097731818537e-09    1.1244479208179146e-09    -1.1250618523639391e-09
1950000    -2.2499466317531106e-09    1.1248847763108974e-09    -1.1250618554422132e-09
1960000    -2.2502688700398292e-09    1.1252070067376706e-09    -1.1250618633021586e-09
1970000    -2.2504169034422352e-09    1.1253550312696996e-09    -1.1250618721725356e-09
1980000    -2.2504101166956844e-09    1.1253482384519954e-09    -1.1250618782436889e-09
1990000    -2.2503300620746160e-09    1.1252681827437545e-09    -1.1250618793308615e-09
2000000    -2.2502779752741649e-09    1.1252160995819381e-09    -1.1250618756922267e-09
2010000    -2.2503275560408248e-09    1.1252656863456664e-09    -1.1250618696951584e-09
2020000    -2.2504910880152908e-09    1.1254292231056942e-09    -1.1250618649095966e-09
2030000    -2.2507092437699752e-09    1.1256473790787458e-09    -1.1250618646912294e-09
2040000    -2.2508936811478770e-09    1.1258318138222494e-09    -1.1250618673256276e-09
2050000    -2.2510220428712468e-09    1.1259601724320839e-09    -1.1250618704391629e-09
2060000    -2.2510804628890296e-09    1.1260185886397155e-09    -1.1250618742493142e-09
2070000    -2.2510591561980565e-09    1.1259972778072370e-09    -1.1250618783908195e-09
2080000    -2.2509534920345024e-09    1.1258916095083942e-09    -1.1250618825261082e-09
2090000    -2.2507732428442374e-09    1.1257113570294245e-09    -1.1250618858148129e-09
2100000    -2.2505360805629931e-09    1.1254741923759796e-09    -1.1250618881870134e-09
2110000    -2.2502633617783309e-09    1.1252014725497134e-09    -1.1250618892286175e-09
2120000    -2.2499910213046317e-09    1.1249291332037801e-09    -1.1250618881008516e-09
2130000    -2.2497598337748600e-09    1.1246979484811053e-09    -1.1250618852937546e-09
2140000    -2.2495901020853082e-09    1.1245282198421177e-09    -1.1250618822431905e-09
2150000    -2.2494689904937238e-09    1.1244071097905417e-09    -1.1250618807031820e-09
2160000    -2.2493536108027809e-09    1.1242917290685147e-09    -1.1250618817342662e-09
2170000    -2.2491940522916561e-09    1.1241321673884771e-09    -1.1250618849031790e-09
2180000    -2.2489660502128256e-09    1.1239041620696745e-09    -1.1250618881431511e-09
2190000    -2.2486943259644799e-09    1.1236324370999266e-09    -1.1250618888645534e-09
2200000    -2.2484513491889933e-09    1.1233894641601912e-09    -1.1250618850288021e-09
2210000    -2.2483355123091704e-09    1.1232736360057368e-09    -1.1250618763034336e-09
2220000    -2.2484276924221922e-09    1.1233658277230293e-09    -1.1250618646991629e-09
2230000    -2.2487545015612578e-09    1.1236926480910461e-09    -1.1250618534702117e-09
2240000    -2.2492687245461554e-09    1.1242068779630243e-09    -1.1250618465831311e-09
2250000    -2.2498519079258798e-09    1.1247900610429166e-09    -1.1250618468829632e-09
2260000    -2.2503505134094364e-09    1.1252886585825937e-09    -1.1250618548268427e-09
2270000    -2.2506392183724107e-09    1.1255773513011033e-09    -1.1250618670713074e-09
2280000    -2.2506797125998982e-09    1.1256178337267445e-09    -1.1250618788731537e-09
2290000    -2.2505255820065332e-09    1.1254636961064535e-09    -1.1250618859000797e-09
2300000    -2.2503023184560144e-09    1.1252404328211762e-09    -1.1250618856348382e-09
2310000    -2.2501532380927569e-09    1.1250913592366828e-09    -1.1250618788560741e-09
2320000    -2.2501787454392890e-09    1.1251168765383218e-09    -1.1250618689009672e-09
2330000    -2.2503961673457595e-09    1.1253343069121661e-09    -1.1250618604335935e-09
2340000    -2.2507359128178886e-09    1.1256740557655818e-09    -1.1250618570523068e-09
2350000    -2.2510829206568722e-09    1.1260210610244491e-09    -1.1250618596324231e-09
2360000    -2.2513330326375075e-09    1.1262711667171928e-09    -1.1250618659203147e-09
2370000    -2.2514910608104590e-09    1.1264291511658730e-09    -1.1250619096445860e-09
2380000    -2.2512757274655334e-09    1.1262138425191605e-09    -1.1250618849463729e-09
2390000    -2.2510544688158226e-09    1.1259925818208502e-09    -1.1250618869949723e-09
2400000    -2.2508319327289734e-09    1.1257700475792596e-09    -1.1250618851497138e-09
2410000    -2.2506720127754971e-09    1.1256101316126938e-09    -1.1250618811628033e-09
2420000    -2.2505922299020767e-09    1.1255303524414828e-09    -1.1250618774605939e-09
2430000    -2.2505704539067701e-09    1.1255085783018715e-09    -1.1250618756048986e-09
2440000    -2.2505586191281117e-09    1.1254967427522491e-09    -1.1250618763758626e-09
2450000    -2.2507226939656739e-09    1.1256610220742218e-09    -1.1250616718914521e-09
2460000    -2.2484225064780910e-09    1.2389376046696280e-09    -1.0094849018084629e-09
2470000    -2.2483363054653070e-09    1.2388517876308218e-09    -1.0094845178344852e-09
2480000    -2.2657002535894740e-09    1.2562173475284495e-09    -1.0094829060610245e-09
2490000    -2.3671108045680648e-09    1.3576371797605799e-09    -1.0094736248074848e-09
2500000    -2.3534704977621211e-09    1.3439735742695319e-09    -1.0094969234925892e-09
2510000    -2.2298412081807412e-09    1.2203534284583436e-09    -1.0094877797223976e-09
2520000    -2.1891797801141380e-09    1.1796936254423421e-09    -1.0094861546717960e-09
2530000    -2.1676023301655024e-09    1.1581167267362160e-09    -1.0094856034292863e-09
2540000    -2.1536974657079346e-09    1.1442121286294795e-09    -1.0094853370784551e-09
2550000    -2.1438739834174292e-09    1.1343888029863938e-09    -1.0094851804310354e-09
2560000    -2.1366064496634941e-09    1.1271213739417131e-09    -1.0094850757217809e-09
2570000    -2.1311261773043865e-09    1.1216411781627549e-09    -1.0094849991416316e-09
2580000    -2.1269968815599910e-09    1.1175119423429285e-09    -1.0094849392170626e-09
2590000    -2.1239579821204918e-09    1.1144730929772477e-09    -1.0094848891432441e-09
2600000    -2.1218713883108832e-09    1.1123865454184630e-09    -1.0094848428924202e-09
2610000    -2.1207323966075076e-09    1.1112476036562158e-09    -1.0094847929512919e-09
2620000    -2.1207115486848973e-09    1.1112268196553335e-09    -1.0094847290295638e-09
2630000    -2.1222323784529566e-09    1.1127477430409732e-09    -1.0094846354119835e-09
2640000    -2.1261462842984595e-09    1.1166618013387522e-09    -1.0094844829597073e-09
2650000    -2.1342105366616320e-09    1.1247263350196251e-09    -1.0094842016420069e-09
2660000    -2.1508530773523044e-09    1.1413695249627903e-09    -1.0094835523895141e-09
2670000    -2.1923916436048535e-09    1.1829103936511350e-09    -1.0094812499537185e-09
2680000    -2.3611957570068368e-09    1.3517255609254109e-09    -1.0094701960814259e-09
2690000    -2.2409988934721455e-09    1.2315066013663590e-09    -1.0094922921057864e-09
2700000    -2.1622139110192068e-09    1.1527271237213317e-09    -1.0094867872978751e-09
2710000    -2.1348615550909152e-09    1.1253758650119319e-09    -1.0094856900789834e-09
2720000    -2.1207336797075952e-09    1.1112483807560316e-09    -1.0094852989515636e-09
2730000    -2.1121181903823869e-09    1.1026330862331236e-09    -1.0094851041492634e-09
2740000    -2.1065548919054589e-09    1.0970699084026723e-09    -1.0094849835027866e-09
2750000    -2.1030028838822608e-09    1.0935179841212544e-09    -1.0094848997610065e-09
2760000    -2.1008683480548839e-09    1.0913835075537640e-09    -1.0094848405011198e-09
2770000    -2.0997298218127706e-09    1.0902450227444947e-09    -1.0094847990682760e-09
2780000    -2.0993021337880605e-09    1.0898173656431797e-09    -1.0094847681448809e-09
2790000    -2.0994644895889690e-09    1.0899797516026748e-09    -1.0094847379862943e-09
2800000    -2.1003213572782758e-09    1.0908366605318082e-09    -1.0094846967464676e-09
2810000    -2.1022182905339371e-09    1.0927336587416347e-09    -1.0094846317923023e-09
2820000    -2.1057792648480582e-09    1.0962947379061608e-09    -1.0094845269418974e-09
2830000    -2.1120556031386290e-09    1.1025712508277628e-09    -1.0094843523108662e-09
2840000    -2.1231737712360029e-09    1.1136897531384490e-09    -1.0094840180975539e-09
2850000    -2.1449444429291683e-09    1.1354612654319565e-09    -1.0094831774972118e-09
2860000    -2.2021744612238485e-09    1.1926948204951986e-09    -1.0094796407286499e-09
2870000    -2.3951006110809395e-09    1.3856147650090758e-09    -1.0094858460718637e-09
2880000    -2.1996111251471107e-09    1.1901213960475342e-09    -1.0094897290995765e-09
2890000    -2.1434820951750000e-09    1.1339957551541424e-09    -1.0094863400208576e-09
2900000    -2.1214754257716501e-09    1.1119898960914864e-09    -1.0094855296801637e-09
2910000    -2.1097008343461058e-09    1.1002156232462954e-09    -1.0094852110998104e-09
2920000    -2.1025128946148736e-09    1.0930278484493861e-09    -1.0094850461654875e-09
2930000    -2.0978956970512312e-09    1.0884107506184073e-09    -1.0094849464328240e-09
2940000    -2.0949110425454128e-09    1.0854261638028889e-09    -1.0094848787425239e-09
2950000    -2.0931096274006356e-09    1.0836248007622621e-09    -1.0094848266383735e-09
2960000    -2.0922538860383039e-09    1.0827691027954185e-09    -1.0094847832428854e-09
2970000    -2.0922208925044201e-09    1.0827361488545260e-09    -1.0094847436498941e-09
2980000    -2.0929798541555576e-09    1.0834951510146751e-09    -1.0094847031408825e-09
2990000    -2.0946083929639574e-09    1.0851237375226151e-09    -1.0094846554413423e-09
3000000    -2.0973456046735790e-09    1.0878610148643673e-09    -1.0094845898092117e-09
3010000    -2.1017350743131741e-09    1.0922505887494433e-09    -1.0094844855637308e-09
3020000    -2.1089292856645198e-09    1.0994449875993969e-09    -1.0094842980651228e-09
3030000    -2.1216276885465230e-09    1.1121437895050085e-09    -1.0094838990415145e-09
3040000    -2.1479755046263923e-09    1.1384927438141816e-09    -1.0094827608122107e-09
3050000    -2.2279295051542232e-09    1.2184525043126166e-09    -1.0094770008416066e-09
3060000    -2.3374694661758085e-09    1.3279699237044111e-09    -1.0094995424713974e-09
3070000    -2.1725207765434943e-09    1.1630325552744614e-09    -1.0094882212690329e-09
3080000    -2.1308612689154540e-09    1.1213752585946362e-09    -1.0094860103208179e-09
3090000    -2.1130627401915117e-09    1.1035773457206957e-09    -1.0094853944708160e-09
3100000    -2.1032879702412112e-09    1.0938028328375447e-09    -1.0094851374036664e-09
3110000    -2.0972519013076379e-09    1.0877668996773087e-09    -1.0094850016303292e-09
3120000    -2.0933628289305277e-09    1.0838779129371732e-09    -1.0094849159933546e-09
3130000    -2.0909299660693209e-09    1.0814451129519220e-09    -1.0094848531173989e-09
3140000    -2.0896275987425800e-09    1.0801427968306288e-09    -1.0094848019119513e-09
3150000    -2.0892706956032956e-09    1.0797859375042455e-09    -1.0094847580990501e-09
3160000    -2.0897380315992226e-09    1.0802533126170087e-09    -1.0094847189822139e-09
3170000    -2.0909714935825483e-09    1.0814868125660537e-09    -1.0094846810164946e-09
3180000    -2.0930148333146597e-09    1.0835301972316711e-09    -1.0094846360829887e-09
3190000    -2.0961300433394965e-09    1.0866454727941084e-09    -1.0094845705453881e-09
3200000    -2.1009692381667820e-09    1.0914847811237325e-09    -1.0094844570430495e-09
3210000    -2.1089703129150498e-09    1.0994860736289428e-09    -1.0094842392861069e-09
3220000    -2.1236835487300633e-09    1.1141998139904762e-09    -1.0094837347395871e-09
3230000    -2.1567764965851397e-09    1.1472943789317923e-09    -1.0094821176533474e-09
3240000    -2.2757191430837247e-09    1.2662465610477159e-09    -1.0094725820360089e-09
3250000    -2.2637966458482057e-09    1.2543006416902524e-09    -1.0094960041579533e-09
3260000    -2.1534736132308427e-09    1.1439863309522723e-09    -1.0094872822785704e-09
3270000    -2.1213977975881463e-09    1.1119120191907405e-09    -1.0094857783974058e-09
3280000    -2.1065876878837590e-09    1.0971023890759040e-09    -1.0094852988078550e-09
3290000    -2.0982212752412276e-09    1.0887361895798879e-09    -1.0094850856613397e-09
3300000    -2.0929968508743257e-09    1.0835118808283949e-09    -1.0094849700459308e-09
3310000    -2.0896090929049517e-09    1.0801241962483648e-09    -1.0094848966565869e-09
3320000    -2.0874688991751956e-09    1.0779840563575641e-09    -1.0094848428176315e-09
3330000    -2.0863031797231387e-09    1.0768183816862939e-09    -1.0094847980368448e-09
3340000    -2.0859884304097030e-09    1.0765036733265821e-09    -1.0094847570831209e-09
3350000    -2.0864847033753616e-09    1.0769999871370852e-09    -1.0094847162382765e-09
3360000    -2.0878367880729215e-09    1.0783521174908444e-09    -1.0094846705820771e-09
3370000    -2.0902079941836937e-09    1.0807233814799013e-09    -1.0094846127037924e-09
3380000    -2.0939560466212080e-09    1.0844715165421965e-09    -1.0094845300790115e-09
3390000    -2.0998319539904859e-09    1.0903475618366716e-09    -1.0094843921538144e-09
3400000    -2.1095719531485455e-09    1.1000878287238732e-09    -1.0094841244246723e-09
3410000    -2.1276929226245993e-09    1.1182094435991247e-09    -1.0094834790254746e-09
3420000    -2.1710384531749358e-09    1.1615573338822882e-09    -1.0094811192926476e-09
3430000    -2.3448128116157048e-09    1.3353424278327586e-09    -1.0094703837829462e-09
3440000    -2.2171185495623018e-09    1.2076265280222367e-09    -1.0094920215400650e-09
3450000    -2.1411901723290038e-09    1.1317034691329806e-09    -1.0094867031960232e-09
3460000    -2.1152991753208105e-09    1.1058135536883676e-09    -1.0094856216324429e-09
3470000    -2.1025336341973481e-09    1.0930484027160057e-09    -1.0094852314813424e-09
3480000    -2.0952201256846385e-09    1.0857350829030125e-09    -1.0094850427816260e-09
3490000    -2.0907489162805863e-09    1.0812639792004125e-09    -1.0094849370801738e-09
3500000    -2.0879201881584273e-09    1.0784353137886219e-09    -1.0094848743698054e-09
3510000    -2.0860830609002462e-09    1.0765982255558542e-09    -1.0094848353443919e-09
3520000    -2.0849088616242145e-09    1.0754240556974720e-09    -1.0094848059267425e-09
3530000    -2.0843277887173417e-09    1.0748430144485318e-09    -1.0094847742688100e-09
3540000    -2.0844807047959233e-09    1.0749959735207147e-09    -1.0094847312752086e-09
3550000    -2.0856596902294625e-09    1.0761750195023107e-09    -1.0094846707271518e-09
3560000    -2.0882608955178481e-09    1.0787763071188648e-09    -1.0094845883989833e-09
3570000    -2.0927898118136873e-09    1.0833053360767171e-09    -1.0094844757369703e-09
3580000    -2.1000684484821121e-09    1.0905841428205554e-09    -1.0094843056615567e-09
3590000    -2.1119855704598253e-09    1.1025015847683923e-09    -1.0094839856914330e-09
3600000    -2.1342668571706618e-09    1.1247837003855010e-09    -1.0094831567851608e-09
3610000    -2.1921026839667842e-09    1.1826231027739154e-09    -1.0094795811928688e-09
3620000    -2.3834444237111268e-09    1.3739577706065274e-09    -1.0094866531045995e-09
3630000    -2.1876079991103923e-09    1.1781183299485449e-09    -1.0094896691618474e-09
3640000    -2.1322346077031439e-09    1.1227482978068009e-09    -1.0094863098963430e-09
3650000    -2.1109045446848186e-09    1.1014190534733250e-09    -1.0094854912114937e-09
3660000    -2.0999701951360516e-09    1.0904850283421036e-09    -1.0094851667939480e-09
3670000    -2.0936549772296666e-09    1.0841699719830864e-09    -1.0094850052465802e-09
3680000    -2.0897501120583501e-09    1.0802651955096382e-09    -1.0094849165487118e-09
3690000    -2.0872137517527170e-09    1.0777288871034368e-09    -1.0094848646492801e-09
3700000    -2.0855194850155846e-09    1.0760346554537628e-09    -1.0094848295618219e-09
3710000    -2.0844792371010171e-09    1.0749944397441714e-09    -1.0094847973568457e-09
3720000    -2.0841331955941959e-09    1.0746484365552931e-09    -1.0094847590389028e-09
3730000    -2.0846546483463556e-09    1.0751699382220330e-09    -1.0094847101243226e-09
3740000    -2.0862832052509476e-09    1.0767985573582352e-09    -1.0094846478927125e-09
3750000    -2.0893201356756269e-09    1.0798355676019990e-09    -1.0094845680736279e-09
3760000    -2.0942326968599266e-09    1.0847482402932527e-09    -1.0094844565666739e-09
3770000    -2.1020131997560401e-09    1.0925289301190234e-09    -1.0094842696370167e-09
3780000    -2.1152329787654441e-09    1.1057491034686050e-09    -1.0094838752968390e-09
3790000    -2.1420724109504793e-09    1.1325896800222397e-09    -1.0094827309282396e-09
3800000    -2.2235078097749000e-09    1.2140309783057013e-09    -1.0094768314691988e-09
3810000    -2.3268014429390348e-09    1.3173018763736587e-09    -1.0094995665653761e-09
3820000    -2.1646333987022749e-09    1.1551452200790614e-09    -1.0094881786232135e-09
3830000    -2.1232789682914654e-09    1.1137929589107993e-09    -1.0094860093806661e-09
3840000    -2.1054523950949624e-09    1.0959669990510656e-09    -1.0094853960438968e-09
3850000    -2.0956965388432202e-09    1.0862114053575524e-09    -1.0094851334856678e-09
3860000    -2.0898015622854904e-09    1.0803165705787945e-09    -1.0094849917066959e-09
3870000    -2.0861515691988351e-09    1.0766666666862347e-09    -1.0094849025126004e-09
3880000    -2.0839947360981969e-09    1.0745098964976958e-09    -1.0094848396005011e-09
3890000    -2.0829400452952120e-09    1.0734552543934272e-09    -1.0094847909017848e-09
3900000    -2.0827737618090684e-09    1.0732890118970548e-09    -1.0094847499120136e-09
3910000    -2.0833892194451926e-09    1.0739045074724192e-09    -1.0094847119727734e-09
3920000    -2.0847768169900227e-09    1.0752921453845780e-09    -1.0094846716054447e-09
3930000    -2.0870552576257650e-09    1.0775706361946776e-09    -1.0094846214310874e-09
3940000    -2.0905309189425279e-09    1.0810463697338437e-09    -1.0094845492086842e-09
3950000    -2.0958482173147934e-09    1.0863637860050112e-09    -1.0094844313097822e-09
3960000    -2.1044180186398482e-09    1.0949338095343749e-09    -1.0094842091054733e-09
3970000    -2.1197541688385396e-09    1.1102704668889513e-09    -1.0094837019495882e-09
3980000    -2.1536292603779299e-09    1.1441471947224282e-09    -1.0094820656555017e-09
3990000    -2.2748307868625470e-09    1.2653584002082830e-09    -1.0094723866542640e-09
4000000    -2.2581083634993151e-09    1.2486125732029105e-09    -1.0094957902964046e-09
4010000    -2.1495833438235174e-09    1.1400960832765068e-09    -1.0094872605470106e-09
4020000    -2.1175904551852793e-09    1.1081046703676860e-09    -1.0094857848175934e-09
4030000    -2.1025657293328663e-09    1.0930804171978193e-09    -1.0094853121350470e-09
4040000    -2.0939322427006542e-09    1.0844471447885016e-09    -1.0094850979121526e-09
4050000    -2.0885187087400513e-09    1.0790337312347530e-09    -1.0094849775052983e-09
4060000    -2.0850494743357175e-09    1.0755645773313589e-09    -1.0094848970043586e-09
4070000    -2.0829640984722024e-09    1.0734792610697103e-09    -1.0094848374024922e-09
4080000    -2.0819392698028525e-09    1.0724544798246628e-09    -1.0094847899781897e-09
4090000    -2.0817796800787290e-09    1.0722949298161916e-09    -1.0094847502625374e-09
4100000    -2.0823761818111532e-09    1.0728914685658085e-09    -1.0094847132453447e-09
4110000    -2.0837451893550186e-09    1.0742605175463871e-09    -1.0094846718086315e-09
4120000    -2.0860570284170045e-09    1.0765724113092601e-09    -1.0094846171077444e-09
4130000    -2.0897130041594508e-09    1.0802284700834895e-09    -1.0094845340759612e-09
4140000    -2.0955392252856318e-09    1.0860548323555434e-09    -1.0094843929300884e-09
4150000    -2.1053173698354208e-09    1.0958332508374049e-09    -1.0094841189980159e-09
4160000    -2.1236732357350083e-09    1.1141897771226854e-09    -1.0094834586123229e-09
4170000    -2.1678505385386759e-09    1.1583694986801711e-09    -1.0094810398585048e-09
4180000    -2.3445744909226710e-09    1.3351038258210914e-09    -1.0094706651015796e-09
4190000    -2.2118417123132222e-09    1.2023498805947842e-09    -1.0094918317184380e-09
4200000    -2.1377754976597256e-09    1.1282888410583218e-09    -1.0094866566014038e-09
4210000    -2.1125203118496697e-09    1.1030347110423354e-09    -1.0094856008073343e-09
4220000    -2.1000073802274445e-09    1.0905221539656711e-09    -1.0094852262617734e-09
4230000    -2.0926627591056932e-09    1.0831777091014198e-09    -1.0094850500042735e-09
4240000    -2.0879837547512216e-09    1.0784988054035571e-09    -1.0094849493476645e-09
4250000    -2.0849308769581293e-09    1.0754459939012929e-09    -1.0094848830568364e-09
4260000    -2.0830194100805390e-09    1.0735345768218644e-09    -1.0094848332586746e-09
4270000    -2.0820143756831202e-09    1.0725295842335079e-09    -1.0094847914496123e-09
4280000    -2.0818029527586057e-09    1.0723181995178975e-09    -1.0094847532407081e-09
4290000    -2.0823785896124321e-09    1.0728938786255618e-09    -1.0094847109868703e-09
4300000    -2.0838971839030969e-09    1.0744125253553973e-09    -1.0094846585476995e-09
4310000    -2.0865995017385401e-09    1.0771149104105283e-09    -1.0094845913280119e-09
4320000    -2.0908975258897208e-09    1.0814130304610442e-09    -1.0094844954286766e-09
4330000    -2.0976631153875063e-09    1.0881787798874298e-09    -1.0094843355000765e-09
4340000    -2.1090008873938282e-09    1.0995168769920984e-09    -1.0094840104017298e-09
4350000    -2.1310779299480668e-09    1.1215947861073423e-09    -1.0094831438407245e-09
4360000    -2.1906177687974380e-09    1.1811384147251761e-09    -1.0094793540722620e-09
4370000    -2.3774613694634802e-09    1.3679720180436594e-09    -1.0094893514198208e-09
4380000    -2.1807206142800289e-09    1.1712311793471797e-09    -1.0094894349328491e-09
4390000    -2.1278156689360234e-09    1.1183294275841489e-09    -1.0094862413518745e-09
4400000    -2.1074704230984864e-09    1.0979849660444010e-09    -1.0094854570540854e-09
4410000    -2.0969770145267923e-09    1.0874918581772045e-09    -1.0094851563495878e-09
4420000    -2.0906616393119666e-09    1.0811766250260843e-09    -1.0094850142858824e-09
4430000    -2.0864973021212937e-09    1.0770123606987519e-09    -1.0094849414225418e-09
4440000    -2.0835249579206247e-09    1.0740400760452134e-09    -1.0094848818754113e-09
4450000    -2.0816185867092648e-09    1.0721337547605965e-09    -1.0094848319486683e-09
4460000    -2.0807333775087304e-09    1.0712485982661165e-09    -1.0094847792426139e-09
4470000    -2.0809382208301729e-09    1.0714534976699293e-09    -1.0094847231602436e-09
4480000    -2.0822784591787636e-09    1.0727937929734855e-09    -1.0094846662052782e-09
4490000    -2.0847541947993616e-09    1.0752695854712922e-09    -1.0094846093280694e-09
4500000    -2.0884108320856702e-09    1.0789262860363614e-09    -1.0094845460493088e-09
4510000    -2.0935573927950393e-09    1.0840729377493700e-09    -1.0094844550456693e-09
4520000    -2.1011831166392866e-09    1.0916988311003215e-09    -1.0094842855389651e-09
4530000    -2.1139772979406050e-09    1.1044933974115120e-09    -1.0094839005290930e-09
4540000    -2.1402667544347157e-09    1.1307839930925649e-09    -1.0094827613421508e-09
4550000    -2.2208054256264873e-09    1.2113285183338767e-09    -1.0094769072926106e-09
4560000    -2.3270744151309636e-09    1.3175747768716393e-09    -1.0094996382593243e-09
4570000    -2.1634458906200299e-09    1.1539577024042270e-09    -1.0094881882158028e-09
4580000    -2.1222070151095347e-09    1.1127210190326111e-09    -1.0094859960769236e-09
4590000    -2.1046451387749228e-09    1.0951597532205492e-09    -1.0094853855543736e-09
4600000    -2.0949840892478541e-09    1.0854989540264552e-09    -1.0094851352213990e-09
4610000    -2.0889098520849566e-09    1.0794248446460634e-09    -1.0094850074388932e-09
4620000    -2.0848451671848360e-09    1.0753602400272094e-09    -1.0094849271576266e-09
4630000    -2.0821660560047423e-09    1.0726811900249209e-09    -1.0094848659798215e-09
4640000    -2.0806195187023849e-09    1.0711347057764510e-09    -1.0094848129259339e-09
4650000    -2.0800850670951689e-09    1.0706003026955509e-09    -1.0094847643996180e-09
4660000    -2.0804928628086509e-09    1.0710081444007799e-09    -1.0094847184078709e-09
4670000    -2.0818145439978857e-09    1.0723298716966932e-09    -1.0094846723011925e-09
4680000    -2.0841128697010767e-09    1.0746282505950288e-09    -1.0094846191060479e-09
4690000    -2.0876495254445378e-09    1.0781649798463878e-09    -1.0094845455981500e-09
4700000    -2.0930489539639876e-09    1.0835645268442332e-09    -1.0094844271197544e-09
4710000    -2.1016816532820254e-09    1.0921974454695109e-09    -1.0094842078125145e-09
4720000    -2.1169316844293914e-09    1.1074479688453785e-09    -1.0094837155840129e-09
4730000    -2.1499884412943139e-09    1.1405062855991769e-09    -1.0094821556951370e-09
4740000    -2.2653869842866327e-09    1.2559140162639602e-09    -1.0094729680226725e-09
4750000    -2.2637430774926038e-09    1.2542466533166897e-09    -1.0094964241759141e-09
4760000    -2.1495465190600322e-09    1.1400591703414481e-09    -1.0094873487185841e-09
4770000    -2.1166891520086623e-09    1.1072033495647691e-09    -1.0094858024438932e-09
4780000    -2.1015197651838228e-09    1.0920344519921710e-09    -1.0094853131916518e-09
4790000    -2.0929648816924976e-09    1.0834797912235812e-09    -1.0094850904689163e-09
4800000    -2.0877314645238451e-09    1.0782464980436202e-09    -1.0094849664802248e-09
4810000    -2.0844920731105135e-09    1.0750071911905723e-09    -1.0094848819199411e-09
4820000    -2.0825262371496084e-09    1.0730414033319977e-09    -1.0094848338176107e-09
4830000    -2.0814926044436982e-09    1.0720078096953240e-09    -1.0094847947483742e-09
4840000    -2.0811530775520335e-09    1.0716683144119694e-09    -1.0094847631400641e-09
4850000    -2.0814309957905281e-09    1.0719462639880287e-09    -1.0094847318024994e-09
4860000    -2.0823987880565722e-09    1.0729140954238448e-09    -1.0094846926327274e-09
4870000    -2.0843109918825029e-09    1.0748263563571814e-09    -1.0094846355253215e-09
4880000    -2.0876503105926177e-09    1.0781657634969893e-09    -1.0094845470956284e-09
4890000    -2.0932650386215258e-09    1.0837806368515476e-09    -1.0094844017699782e-09
4900000    -2.1028445521546363e-09    1.0933604199477450e-09    -1.0094841322068913e-09
4910000    -2.1207056700797644e-09    1.1112221673473343e-09    -1.0094835027324301e-09
4920000    -2.1627517108536022e-09    1.1532704461967369e-09    -1.0094812646568653e-09
4930000    -2.3293523190000416e-09    1.3198823656803456e-09    -1.0094699533196960e-09
4940000    -2.2169221984412858e-09    1.2074297412432042e-09    -1.0094924571980816e-09
4950000    -2.1373401405967378e-09    1.1278533723458223e-09    -1.0094867682509155e-09
4960000    -2.1106837130706026e-09    1.1011980675711448e-09    -1.0094856454994578e-09
4970000    -2.0975339897683639e-09    1.0880487423229512e-09    -1.0094852474454127e-09
4980000    -2.0899560062978662e-09    1.0804709534192193e-09    -1.0094850528786469e-09
