10000    -1.3105730577867600e+04    1.2201317648374146e+04    -9.0441292949345370e+02
20000    -1.3150300549717776e+04    1.2245888477406043e+04    -9.0441207231173394e+02
30000    -1.3211953065861355e+04    1.2307541845070631e+04    -9.0441122079072375e+02
40000    -1.3290605052301962e+04    1.2386194680532757e+04    -9.0441037176920509e+02
50000    -1.3386244399928139e+04    1.2481834878566387e+04    -9.0440952136175110e+02
60000    -1.3498941819206957e+04    1.2594533154002474e+04    -9.0440866520448253e+02
70000    -1.3628858699568189e+04    1.2724450900954145e+04    -9.0440779861404371e+02
80000    -1.3776252439587130e+04    1.2871845522901926e+04    -9.0440691668520412e+02
90000    -1.3941480262492129e+04    1.3037074248144560e+04    -9.0440601434756900e+02
100000    -1.4125002208199174e+04    1.3220597121806302e+04    -9.0440508639287145e+02
110000    -1.4327383760859671e+04    1.3422979633374318e+04    -9.0440412748535346e+02
120000    -1.4549298398517600e+04    1.3644895266357045e+04    -9.0440313216055438e+02
130000    -1.4791530210886027e+04    1.3887128116064974e+04    -9.0440209482105274e+02
140000    -1.5054976593950771e+04    1.4150575584216567e+04    -9.0440100973420340e+02
150000    -1.5340650862578412e+04    1.4436250991533876e+04    -9.0439987104453576e+02
160000    -1.5649684380668456e+04    1.4745285707855979e+04    -9.0439867281247643e+02
170000    -1.5983327432536713e+04    1.5078930023430445e+04    -9.0439740910626824e+02
180000    -1.6342947466799778e+04    1.5438551392618469e+04    -9.0439607418130981e+02
190000    -1.6730022425877098e+04    1.5825627763074073e+04    -9.0439466280302440e+02
200000    -1.7146125493289765e+04    1.6241732322491847e+04    -9.0439317079791726e+02
210000    -1.7592895588565982e+04    1.6688503992614365e+04    -9.0439159595161618e+02
220000    -1.8071985154604736e+04    1.7167595215191410e+04    -9.0438993941332592e+02
230000    -1.8584973091662796e+04    1.7680584883849027e+04    -9.0438820781376853e+02
240000    -1.9133226087692863e+04    1.8228839671340698e+04    -9.0438641635216482e+02
250000    -1.9717686325000403e+04    1.8813301731883392e+04    -9.0438459311701081e+02
260000    -2.0338558367303802e+04    1.9434175582425920e+04    -9.0438278487788193e+02
270000    -2.0994864659260667e+04    2.0090483594838486e+04    -9.0438106442218123e+02
280000    -2.1683840858673357e+04    2.0779461319537993e+04    -9.0437953913536330e+02
290000    -2.2400155084274342e+04    2.1495776724510761e+04    -9.0437835976358110e+02
300000    -2.3134968281891754e+04    2.2230590554884868e+04    -9.0437772700688583e+02
310000    -2.3874917962603668e+04    2.2970540070903029e+04    -9.0437789170063843e+02
320000    -2.4601213761429543e+04    2.3696834619187779e+04    -9.0437914224176347e+02
330000    -2.5289174536139108e+04    2.4384792764324902e+04    -9.0438177181420542e+02
340000    -2.5908669993922042e+04    2.5004283973554047e+04    -9.0438602036799421e+02
350000    -2.6425955383364300e+04    2.5521563388269136e+04    -9.0439199509516402e+02
360000    -2.6807165227774516e+04    2.5902765638994071e+04    -9.0439958878044490e+02
370000    -2.7023175407522722e+04    2.6118766976186293e+04    -9.0440843133642920e+02
380000    -2.7054781559991465e+04    2.6150363648329301e+04    -9.0441791166216353e+02
390000    -2.6896596217333812e+04    2.5992168934643967e+04    -9.0442728268984501e+02
400000    -2.6558228522572495e+04    2.5653792703050382e+04    -9.0443581952211389e+02
410000    -2.6062278865493514e+04    2.5157835896879151e+04    -9.0444296861436305e+02
420000    -2.5439935608785177e+04    2.4535487177214465e+04    -9.0444843157071227e+02
430000    -2.4725738546589266e+04    2.3821286381121496e+04    -9.0445216546777010e+02
440000    -2.3953010001253861e+04    2.3048555679535137e+04    -9.0445432171872380e+02
450000    -2.3150798637525841e+04    2.2246343475163048e+04    -9.0445516236279218e+02
460000    -2.2342446106242682e+04    2.1437991120838557e+04    -9.0445498540412518e+02
470000    -2.1545420571243096e+04    2.0640966497395548e+04    -9.0445407384754799e+02
480000    -2.0771919729596571e+04    1.9867467060567677e+04    -9.0445266902889489e+02
490000    -2.0029813795889164e+04    1.9125362833856285e+04    -9.0445096203287903e+02
500000    -1.9323641271564418e+04    1.8419192175699245e+04    -9.0444909586517315e+02
510000    -1.8655503607076909e+04    1.7751056434464539e+04    -9.0444717261237020e+02
520000    -1.8025798573626551e+04    1.7121353311657767e+04    -9.0444526196878360e+02
530000    -1.7433786363073559e+04    1.6529342953839878e+04    -9.0444340923368145e+02
540000    -1.6878008079104940e+04    1.5973566437094087e+04    -9.0444164201085368e+02
550000    -1.6356584783853436e+04    1.5452144808393681e+04    -9.0443997545975435e+02
560000    -1.5867424979757721e+04    1.4962986563521370e+04    -9.0443841623635126e+02
570000    -1.5408364447053540e+04    1.4503927481695146e+04    -9.0443696535839445e+02
580000    -1.4977257451135722e+04    1.4072821830894411e+04    -9.0443562024131097e+02
590000    -1.4572033741316731e+04    1.3667599365201004e+04    -9.0443437611572699e+02
600000    -1.4190731941968090e+04    1.3286298714972914e+04    -9.0443322699517557e+02
610000    -1.3831516957093290e+04    1.2927084790768557e+04    -9.0443216632473377e+02
620000    -1.3492686775453423e+04    1.2588255588046224e+04    -9.0443118740719910e+02
630000    -1.3172672432000250e+04    1.2268242148329760e+04    -9.0443028367049010e+02
640000    -1.2870033711588356e+04    1.1965604262756673e+04    -9.0442944883168275e+02
650000    -1.2583452353259534e+04    1.1679023676270957e+04    -9.0442867698857663e+02
660000    -1.2311723933831756e+04    1.1407295971167623e+04    -9.0442796266413279e+02
670000    -1.2053749207229983e+04    1.1149321906411620e+04    -9.0442730081836271e+02
680000    -1.1808525399020269e+04    1.0904098712178626e+04    -9.0442668684164346e+02
690000    -1.1575137766504868e+04    1.0670711649968152e+04    -9.0442611653671520e+02
700000    -1.1352751606882435e+04    1.0448326020790344e+04    -9.0442558609209118e+02
710000    -1.1140604810566241e+04    1.0236179718511357e+04    -9.0442509205488386e+02
720000    -1.0938001000604887e+04    1.0033576369304881e+04    -9.0442463130000579e+02
730000    -1.0744303263066187e+04    9.8398790620645250e+03    -9.0442420100166237e+02
740000    -1.0558928450817313e+04    9.6545046522130015e+03    -9.0442379860431174e+02
750000    -1.0381342029935138e+04    9.4769186081373919e+03    -9.0442342179774641e+02
760000    -1.0211053430934206e+04    9.3066303624420580e+03    -9.0442306849214765e+02
770000    -1.0047611864007131e+04    9.1431891272113717e+03    -9.0442273679575919e+02
780000    -9.8906025570766051e+03    8.9861801320813247e+03    -9.0442242499528038e+02
790000    -9.7396433766858336e+03    8.8352212451484393e+03    -9.0442213153739431e+02
800000    -9.5943817939297878e+03    8.6899599389173163e+03    -9.0442185501247150e+02
810000    -9.4544921603172843e+03    8.5500705661774318e+03    -9.0442159413985246e+02
820000    -9.3196732613557197e+03    8.4152519136011015e+03    -9.0442134775461818e+02
830000    -9.1896461185819935e+03    8.2852250037857793e+03    -9.0442111479621417e+02
840000    -9.0641520136023955e+03    8.1597311193047863e+03    -9.0442089429760927e+02
850000    -8.9429507103920441e+03    8.0385300250158789e+03    -9.0442068537616524e+02
860000    -8.8258188545894409e+03    7.9213983673646289e+03    -9.0442048722481195e+02
870000    -8.7125485308061616e+03    7.8081282317005953e+03    -9.0442029910556630e+02
880000    -8.6029459610350750e+03    7.6985258406931098e+03    -9.0442012034196523e+02
890000    -8.4968303291063385e+03    7.5924103787931872e+03    -9.0441995031315128e+02
900000    -8.3940327178095104e+03    7.4896129293603517e+03    -9.0441978844915866e+02
910000    -8.2943951467879324e+03    7.3899755125623260e+03    -9.0441963422560639e+02
920000    -8.1977697006405560e+03    7.2933502134808487e+03    -9.0441948715970739e+02
930000    -8.1040177378422286e+03    7.1995983910359100e+03    -9.0441934680631857e+02
940000    -8.0130091721398185e+03    7.1085899593854119e+03    -9.0441921275440654e+02
950000    -7.9246218190050586e+03    7.0202027343806922e+03    -9.0441908462436641e+02
960000    -7.8387408005457246e+03    6.9343218384808497e+03    -9.0441896206487490e+02
970000    -7.7552580030001482e+03    6.8508391582497425e+03    -9.0441884475040570e+02
980000    -7.6740715815838503e+03    6.7696528492047782e+03    -9.0441873237907203e+02
990000    -7.5950855080216252e+03    6.6906668833508393e+03    -9.0441862467078590e+02
1000000    -7.5182091566031468e+03    6.6137906352379650e+03    -9.0441852136518173e+02
1010000    -7.4433569250446408e+03    6.5389385028246597e+03    -9.0441842221998104e+02
1020000    -7.3704478868324450e+03    6.4660295598228186e+03    -9.0441832700962641e+02
1030000    -7.2994054720750610e+03    6.3949872365511510e+03    -9.0441823552390997e+02
1040000    -7.2301571741990883e+03    6.3257390266326147e+03    -9.0441814756647364e+02
1050000    -7.1626342801006385e+03    6.2582162171465188e+03    -9.0441806295411970e+02
1060000    -7.0967716216078725e+03    6.1923536400925241e+03    -9.0441798151534840e+02
1070000    -7.0325073463278186e+03    6.1280894432378809e+03    -9.0441790308993768e+02
1080000    -6.9697827061447706e+03    6.0653648786171007e+03    -9.0441782752766994e+02
1090000    -6.9085418618091799e+03    6.0041241071214672e+03    -9.0441775468771266e+02
1100000    -6.8487317022104316e+03    5.9443140177724963e+03    -9.0441768443793535e+02
1110000    -6.7903016770640334e+03    5.8858840604096340e+03    -9.0441761665439935e+02
1120000    -6.7332036418663629e+03    5.8287860906460319e+03    -9.0441755122033101e+02
1130000    -6.6773917140801386e+03    5.7729742260540861e+03    -9.0441748802605252e+02
1140000    -6.6228221396111276e+03    5.7184047126428168e+03    -9.0441742696831079e+02
1150000    -6.5694531687261133e+03    5.6650358007761952e+03    -9.0441736794991812e+02
1160000    -6.5172449406398100e+03    5.6128276297605862e+03    -9.0441731087922381e+02
1170000    -6.4661593760699388e+03    5.5617421204003231e+03    -9.0441725566961577e+02
1180000    -6.4161600771237727e+03    5.5117428748842367e+03    -9.0441720223953598e+02
1190000    -6.3672122339358320e+03    5.4627950834241146e+03    -9.0441715051171741e+02
1200000    -6.3192825375291641e+03    5.4148654371160037e+03    -9.0441710041316037e+02
1210000    -6.2723390984186553e+03    5.3679220465437866e+03    -9.0441705187486878e+02
1220000    -6.2263513705171245e+03    5.3219343656856017e+03    -9.0441700483152272e+02
1230000    -6.1812900799424178e+03    5.2768731207212331e+03    -9.0441695922118470e+02
1240000    -6.1371271583593934e+03    5.2327102433741529e+03    -9.0441691498524051e+02
1250000    -6.0938356805198382e+03    5.1894188084519683e+03    -9.0441687206786992e+02
1260000    -6.0513898056935759e+03    5.1469729752771618e+03    -9.0441683041641409e+02
1270000    -6.0097647227077705e+03    5.1053479327271662e+03    -9.0441678998060434e+02
1280000    -5.9689365983364742e+03    5.0645198476236910e+03    -9.0441675071278314e+02
1290000    -5.9288825288016851e+03    5.0244658162339274e+03    -9.0441671256775771e+02
1300000    -5.8895804941676488e+03    4.9851638186653418e+03    -9.0441667550230704e+02
1310000    -5.8510093154272963e+03    4.9465926759517397e+03    -9.0441663947555662e+02
1320000    -5.8131486140953020e+03    4.9087320096469521e+03    -9.0441660444834997e+02
1330000    -5.7759787741370583e+03    4.8715622037536068e+03    -9.0441657038345147e+02
1340000    -5.7394809060760717e+03    4.8350643688306573e+03    -9.0441653724541447e+02
1350000    -5.7036368131341878e+03    4.7992203081337166e+03    -9.0441650500047126e+02
1360000    -5.6684289592704081e+03    4.7640124856540679e+03    -9.0441647361634023e+02
1370000    -5.6338404389937759e+03    4.7294239959316092e+03    -9.0441644306216676e+02
1380000    -5.5998549488358649e+03    4.6954385355272780e+03    -9.0441641330858693e+02
1390000    -5.5664567603755113e+03    4.6620403760480376e+03    -9.0441638432747368e+02
1400000    -5.5336306947179564e+03    4.6292143386259404e+03    -9.0441635609201603e+02
1410000    -5.5013620983362816e+03    4.5969457697598755e+03    -9.0441632857640616e+02
1420000    -5.4696368201904679e+03    4.5652205184342747e+03    -9.0441630175619321e+02
1430000    -5.4384411900447913e+03    4.5340249144370473e+03    -9.0441627560774396e+02
1440000    -5.4077619979107549e+03    4.5033457478020582e+03    -9.0441625010869666e+02
1450000    -5.3775864745467861e+03    4.4731702493094617e+03    -9.0441622523732440e+02
1460000    -5.3479022729514854e+03    4.4434860719783810e+03    -9.0441620097310442e+02
1470000    -5.3186974507911727e+03    4.4142812734950257e+03    -9.0441617729614700e+02
1480000    -5.2899604537067462e+03    4.3855442995192334e+03    -9.0441615418751280e+02
1490000    -5.2616800994481637e+03    4.3572639678192299e+03    -9.0441613162893373e+02
1500000    -5.2338455627890080e+03    4.3294294531861051e+03    -9.0441610960290291e+02
1510000    -5.2064463611758092e+03    4.3020302730831245e+03    -9.0441608809268473e+02
1520000    -5.1794723410707702e+03    4.2750562739886336e+03    -9.0441606708213658e+02
1530000    -5.1529136649483789e+03    4.2484976183925928e+03    -9.0441604655578612e+02
1540000    -5.1267607989096368e+03    4.2223447724109064e+03    -9.0441602649873039e+02
1550000    -5.1010045008793668e+03    4.1965884939826683e+03    -9.0441600689669849e+02
1560000    -5.0756358093546596e+03    4.1712198216188290e+03    -9.0441598773583064e+02
1570000    -5.0506460326743381e+03    4.1462300636713135e+03    -9.0441596900302466e+02
1580000    -5.0260267387813064e+03    4.1216107880958443e+03    -9.0441595068546212e+02
1590000    -5.0017697454513445e+03    4.0973538126803687e+03    -9.0441593277097581e+02
1600000    -4.9778671109633460e+03    4.0734511957156546e+03    -9.0441591524769137e+02
1610000    -4.9543111251879236e+03    4.0498952270836480e+03    -9.0441589810427558e+02
1620000    -4.9310943010724468e+03    4.0266784197427155e+03    -9.0441588132973129e+02
1630000    -4.9082093665017273e+03    4.0037935015881440e+03    -9.0441586491358339e+02
1640000    -4.8856492565152093e+03    3.9812334076695524e+03    -9.0441584884565691e+02
1650000    -4.8634071058621867e+03    3.9589912727460342e+03    -9.0441583311615250e+02
1660000    -4.8414762418783394e+03    3.9370604241628162e+03    -9.0441581771552319e+02
1670000    -4.8198501776668945e+03    3.9154343750321686e+03    -9.0441580263472588e+02
1680000    -4.7985226055695175e+03    3.8941068177046009e+03    -9.0441578786491664e+02
1690000    -4.7774873909124344e+03    3.8730716175148473e+03    -9.0441577339758715e+02
1700000    -4.7567385660143264e+03    3.8523228067897608e+03    -9.0441575922456559e+02
1710000    -4.7362703244432078e+03    3.8318545791052784e+03    -9.0441574533792937e+02
1720000    -4.7160770155101145e+03    3.8116612837800440e+03    -9.0441573173007055e+02
1730000    -4.6961531389882957e+03    3.7917374205947458e+03    -9.0441571839354992e+02
1740000    -4.6764933400471182e+03    3.7720776347258998e+03    -9.0441570532121841e+02
1750000    -4.6570924043904879e+03    3.7526767118843695e+03    -9.0441569250611838e+02
1760000    -4.6379452535903038e+03    3.7335295736486946e+03    -9.0441567994160914e+02
1770000    -4.6190469406055217e+03    3.7146312729843230e+03    -9.0441566762119874e+02
1780000    -4.6003926454784751e+03    3.6959769899397461e+03    -9.0441565553872897e+02
1790000    -4.5819776712001467e+03    3.6775620275120209e+03    -9.0441564368812578e+02
1800000    -4.5637974397367789e+03    3.6593818076733401e+03    -9.0441563206343881e+02
1810000    -4.5458474882104510e+03    3.6414318675513341e+03    -9.0441562065911694e+02
1820000    -4.5281234652265648e+03    3.6237078557568830e+03    -9.0441560946968184e+02
1830000    -4.5106211273417148e+03    3.6062055288519678e+03    -9.0441559848974703e+02
1840000    -4.4933363356658538e+03    3.5889207479516540e+03    -9.0441558771419977e+02
1850000    -4.4762650525924464e+03    3.5718494754544004e+03    -9.0441557713804605e+02
1860000    -4.4594033386516403e+03    3.5549877718951275e+03    -9.0441556675651282e+02
1870000    -4.4427473494800570e+03    3.5383317929152618e+03    -9.0441555656479522e+02
1880000    -4.4262933329033694e+03    3.5218777863448895e+03    -9.0441554655847995e+02
1890000    -4.4100376261256970e+03    3.5056220893925502e+03    -9.0441553673314684e+02
1900000    -4.3939766530222259e+03    3.4895611259377692e+03    -9.0441552708445670e+02
1910000    -4.3781069215296957e+03    3.4736914039213652e+03    -9.0441551760833045e+02
1920000    -4.3624250211314893e+03    3.4580095128307617e+03    -9.0441550830072765e+02
1930000    -4.3469276204328335e+03    3.4425121212751460e+03    -9.0441549915768746e+02
1940000    -4.3316114648225830e+03    3.4271959746470066e+03    -9.0441549017557645e+02
1950000    -4.3164733742177423e+03    3.4120578928670884e+03    -9.0441548135065386e+02
1960000    -4.3015102408877528e+03    3.3970947682084188e+03    -9.0441547267933402e+02
1970000    -4.2867190273547567e+03    3.3823035631966213e+03    -9.0441546415813536e+02
1980000    -4.2720967643673548e+03    3.3676813085836384e+03    -9.0441545578371642e+02
1990000    -4.2576405489442586e+03    3.3532251013914110e+03    -9.0441544755284758e+02
2000000    -4.2433475424853832e+03    3.3389321030230490e+03    -9.0441543946233423e+02
2010000    -4.2292149689477228e+03    3.3247995374386437e+03    -9.0441543150907910e+02
2020000    -4.2152401130833496e+03    3.3108246893932642e+03    -9.0441542369008539e+02
2030000    -4.2014203187369858e+03    3.2970049027345508e+03    -9.0441541600243499e+02
2040000    -4.1877529872010618e+03    3.2833375787576815e+03    -9.0441540844338033e+02
2050000    -4.1742355756255429e+03    3.2698201746155510e+03    -9.0441540100999191e+02
2060000    -4.1608655954813530e+03    3.2564502017815935e+03    -9.0441539369975953e+02
2070000    -4.1476406110739445e+03    3.2432252245639575e+03    -9.0441538650998700e+02
2080000    -4.1345582381064587e+03    3.2301428586682405e+03    -9.0441537943821822e+02
2090000    -4.1216161422897048e+03    3.2172007698078114e+03    -9.0441537248189343e+02
2100000    -4.1088120379975780e+03    3.2043966723588856e+03    -9.0441536563869249e+02
2110000    -4.0961436869660511e+03    3.1917283280598094e+03    -9.0441535890624164e+02
2120000    -4.0836088970340988e+03    3.1791935447518435e+03    -9.0441535228225530e+02
2130000    -4.0712055209252744e+03    3.1667901751607483e+03    -9.0441534576452614e+02
2140000    -4.0589314550680001e+03    3.1545161157171083e+03    -9.0441533935089183e+02
2150000    -4.0467846384534214e+03    3.1423693054141659e+03    -9.0441533303925553e+02
2160000    -4.0347630515294222e+03    3.1303477247018482e+03    -9.0441532682757406e+02
2170000    -4.0228647151295322e+03    3.1184493944156393e+03    -9.0441532071389292e+02
2180000    -4.0110876894352268e+03    3.1066723747389860e+03    -9.0441531469624078e+02
2190000    -3.9994300729706351e+03    3.0950147641979402e+03    -9.0441530877269497e+02
2200000    -3.9878900016286170e+03    3.0834746986871596e+03    -9.0441530294145741e+02
2210000    -3.9764656477266403e+03    3.0720503505259412e+03    -9.0441529720069911e+02
2220000    -3.9651552190918364e+03    3.0607399275431740e+03    -9.0441529154866248e+02
2230000    -3.9539569581741380e+03    3.0495416721905076e+03    -9.0441528598363038e+02
2240000    -3.9428691411862528e+03    3.0384538606822066e+03    -9.0441528050404622e+02
2250000    -3.9318900772697207e+03    3.0274748021615933e+03    -9.0441527510812739e+02
2260000    -3.9210181076864346e+03    3.0166028378920846e+03    -9.0441526979435002e+02
2270000    -3.9102516050340973e+03    3.0058363404728748e+03    -9.0441526456122256e+02
2280000    -3.8995889724852195e+03    2.9951737130780871e+03    -9.0441525940713245e+02
2290000    -3.8890286430491860e+03    2.9846133887185511e+03    -9.0441525433063498e+02
2300000    -3.8785690788556476e+03    2.9741538295252831e+03    -9.0441524933036453e+02
2310000    -3.8682087704593887e+03    2.9637935260545310e+03    -9.0441524440485773e+02
2320000    -3.8579462361656797e+03    2.9535309966129817e+03    -9.0441523955269804e+02
2330000    -3.8477800213752980e+03    2.9433647866026481e+03    -9.0441523477264991e+02
2340000    -3.8377086979486321e+03    2.9332934678852721e+03    -9.0441523006336001e+02
2350000    -3.8277308635884065e+03    2.9233156381648496e+03    -9.0441522542355688e+02
2360000    -3.8178451412400445e+03    2.9134299203880764e+03    -9.0441522085196812e+02
2370000    -3.8080501785095748e+03    2.9036349621621721e+03    -9.0441521634740275e+02
2380000    -3.7983446470980844e+03    2.8939294351894187e+03    -9.0441521190866570e+02
2390000    -3.7887272422524265e+03    2.8843120347178274e+03    -9.0441520753459918e+02
2400000    -3.7791966822315017e+03    2.8747814790074672e+03    -9.0441520322403449e+02
2410000    -3.7697517077877651e+03    2.8653365088118953e+03    -9.0441519897586977e+02
2420000    -3.7603910816633952e+03    2.8559758868743584e+03    -9.0441519478903683e+02
2430000    -3.7511135881005903e+03    2.8466983974381410e+03    -9.0441519066244928e+02
2440000    -3.7419180323656738e+03    2.8375028457705812e+03    -9.0441518659509256e+02
2450000    -3.7328032402865088e+03    2.8283880577005725e+03    -9.0441518258593624e+02
2460000    -3.7237680578027407e+03    2.8193528791687513e+03    -9.0441517863398940e+02
2470000    -3.7148113505286251e+03    2.8103961757903694e+03    -9.0441517473825570e+02
2480000    -3.7059320033278595e+03    2.8015168324300189e+03    -9.0441517089784065e+02
2490000    -3.6971289199001226e+03    2.7927137527883615e+03    -9.0441516711176109e+02
2500000    -3.6884010223791820e+03    2.7839858590000485e+03    -9.0441516337913345e+02
2510000    -3.6797472509416684e+03    2.7753320912426443e+03    -9.0441515969902412e+02
2520000    -3.6711665634268506e+03    2.7667514073562506e+03    -9.0441515607060001e+02
2530000    -3.6626579349665271e+03    2.7582427824735314e+03    -9.0441515249299573e+02
2540000    -3.6542203576250108e+03    2.7498052086596545e+03    -9.0441514896535637e+02
2550000    -3.6458528400489158e+03    2.7414376945620470e+03    -9.0441514548686882e+02
2560000    -3.6375544071262175e+03    2.7331392650694929e+03    -9.0441514205672456e+02
2570000    -3.6293240996546419e+03    2.7249089609804555e+03    -9.0441513867418644e+02
2580000    -3.6211609740187164e+03    2.7167458386802837e+03    -9.0441513533843272e+02
2590000    -3.6130641018756005e+03    2.7086489698268733e+03    -9.0441513204872717e+02
2600000    -3.6050325698491501e+03    2.7006174410448589e+03    -9.0441512880429127e+02
2610000    -3.5970654792322052e+03    2.6926503536277701e+03    -9.0441512560443516e+02
2620000    -3.5891619456965109e+03    2.6847468232480473e+03    -9.0441512244846353e+02
2630000    -3.5813210990104772e+03    2.6769059796748202e+03    -9.0441511933565698e+02
2640000    -3.5735420827642683e+03    2.6691269664989272e+03    -9.0441511626534111e+02
2650000    -3.5658240541019923e+03    2.6614089408651766e+03    -9.0441511323681561e+02
2660000    -3.5581661834610081e+03    2.6537510732115697e+03    -9.0441511024943838e+02
2670000    -3.5505676543178652e+03    2.6461525470152892e+03    -9.0441510730257596e+02
2680000    -3.5430276629408236e+03    2.6386125585452519e+03    -9.0441510439557169e+02
2690000    -3.5355454181488258e+03    2.6311303166210246e+03    -9.0441510152780120e+02
2700000    -3.5281201410766475e+03    2.6237050423779647e+03    -9.0441509869868287e+02
2710000    -3.5207510649459346e+03    2.6163359690383404e+03    -9.0441509590759415e+02
2720000    -3.5134374348422507e+03    2.6090223416882768e+03    -9.0441509315397388e+02
2730000    -3.5061785074976042e+03    2.6017634170603746e+03    -9.0441509043722954e+02
2740000    -3.4989735510786127e+03    2.5945584633218295e+03    -9.0441508775678312e+02
2750000    -3.4918218449800129e+03    2.5874067598678967e+03    -9.0441508511211623e+02
2760000    -3.4847226796232508e+03    2.5803075971205858e+03    -9.0441508250266497e+02
2770000    -3.4776753562601175e+03    2.5732602763322611e+03    -9.0441507992785637e+02
2780000    -3.4706791867814445e+03    2.5662641093942539e+03    -9.0441507738719065e+02
2790000    -3.4637334935304089e+03    2.5593184186502494e+03    -9.0441507488015941e+02
2800000    -3.4568376091203791e+03    2.5524225367141435e+03    -9.0441507240623559e+02
2810000    -3.4499908762574391e+03    2.5455758062925106e+03    -9.0441506996492853e+02
2820000    -3.4431926475671007e+03    2.5387775800113577e+03    -9.0441506755574301e+02
2830000    -3.4364422854253371e+03    2.5320272202471469e+03    -9.0441506517819016e+02
2840000    -3.4297391617937278e+03    2.5253240989619217e+03    -9.0441506283180615e+02
2850000    -3.4230826580584658e+03    2.5186675975423386e+03    -9.0441506051612714e+02
2860000    -3.4164721648733889e+03    2.5120571066427019e+03    -9.0441505823068701e+02
2870000    -3.4099070820066527e+03    2.5054920260316408e+03    -9.0441505597501191e+02
2880000    -3.4033868181912308e+03    2.4989717644425309e+03    -9.0441505374869985e+02
2890000    -3.3969107909786699e+03    2.4924957394273724e+03    -9.0441505155129744e+02
2900000    -3.3904784265966082e+03    2.4860633772142455e+03    -9.0441504938236267e+02
2910000    -3.3840891598094163e+03    2.4796741125679278e+03    -9.0441504724148854e+02
2920000    -3.3777424337821576e+03    2.4733273886539446e+03    -9.0441504512821302e+02
2930000    -3.3714376999477963e+03    2.4670226569056258e+03    -9.0441504304217051e+02
2940000    -3.3651744178772751e+03    2.4607593768943125e+03    -9.0441504098296264e+02
2950000    -3.3589520551527394e+03    2.4545370162025411e+03    -9.0441503895019832e+02
2960000    -3.3527700872435312e+03    2.4483550503000874e+03    -9.0441503694344374e+02
2970000    -3.3466279973850824e+03    2.4422129624227437e+03    -9.0441503496233872e+02
2980000    -3.3405252764604811e+03    2.4361102434539866e+03    -9.0441503300649447e+02
2990000    -3.3344614228846540e+03    2.4300463918090963e+03    -9.0441503107555764e+02
3000000    -3.3284359424911568e+03    2.4240209133220292e+03    -9.0441502916912759e+02
