-2.4880072359326972e+04    7.0764341124025786e+03     -9.8165064224527441e+02    -2.0164224785273767e+04    -1.8746279723083873e+04    1.6996190003295408e+02     2.8341601695074263e+04     -2.4651506753034141e+03    3.1399002077662220e+02     
-2.4385186553653355e+04    7.5817880742558918e+03     -1.9613306568679068e+03    -1.9797197630780218e+04    -1.9092906326028817e+04    3.3971173012259106e+02     2.7523765347458306e+04     -2.4041504605726905e+03    6.2791767469866102e+02     
-2.3878628762210883e+04    8.0466595536887526e+03     -2.9373814127757214e+03    -1.9425801883091193e+04    -1.9432856503932071e+04    5.0907900950917372e+02     2.6693528937629635e+04     -2.3468310658121713e+03    9.4171332882562251e+02     
-2.3361009330869387e+04    8.4734921001013754e+03     -3.9084243724730809e+03    -1.9049757138894722e+04    -1.9766282201839018e+04    6.7793166793408761e+02     2.5850452514411631e+04     -2.2935072834130242e+03    1.2552985299680083e+03     
-2.2832832344564747e+04    8.8645239632875400e+03     -4.8733051948906132e+03    -1.8668785766571244e+04    -2.0093296025744534e+04    8.4616971086019066e+02     2.4994074232973759e+04     -2.2445242952283975e+03    1.5685849187687836e+03     
-2.2294510492817157e+04    9.2217988486438608e+03     -5.8310474937667832e+03    -1.8282610660797043e+04    -2.0413970785817219e+04    1.0137201239744753e+03     2.4123909444339337e+04     -2.2002614655831408e+03    1.8814730211652691e+03     
-2.1746378449163869e+04    9.5471781390761571e+03     -6.7808145833508934e+03    -1.7890953219103689e+04    -2.0728338953526913e+04    1.1805328177270630e+03     2.3239449870540760e+04     -2.1611367024617180e+03    2.1938509066117153e+03     
-2.1188705027273900e+04    9.8423536332925141e+03     -7.7218777962068116e+03    -1.7493531528932934e+04    -2.1036391870853451e+04    1.3465774433905603e+03     2.2340162909704442e+04     -2.1276114841731228e+03    2.5055927029580280e+03     
-2.0621704388507005e+04    1.0108860211664200e+04     -8.6535902088569856e+03    -1.7090058758177307e+04    -2.1338078585743253e+04    1.5118409423928431e+03     2.1425491128015747e+04     -2.1001966664723936e+03    2.8165569588471185e+03     
-2.0045546569426180e+04    1.0348088090419738e+04     -9.5753648439385124e+03    -1.6680241750381858e+04    -2.1633304208890022e+04    1.6763257185090604e+03     2.0494852011379211e+04     -2.0794592057409159e+03    3.1265848459484282e+03     
-1.9460367579343532e+04    1.0561294496083603e+04     -1.0486656626923124e+04    -1.6263779837327873e+04    -2.1921927696727776e+04    1.8400483472359233e+03     1.9547638069463359e+04     -2.0660299576491543e+03    3.4354981952577232e+03     
-1.8866279289646387e+04    1.0749614708594998e+04     -1.1386947560900235e+04    -1.5840363896902085e+04    -2.2203758967099078e+04    2.0030387583375145e+03     1.8583217409867779e+04     -2.0606127378649026e+03    3.7430973639039676e+03     
-1.8263379298079362e+04    1.0914072499891085e+04     -1.2275734745939009e+04    -1.5409675703724342e+04    -2.2478555249479487e+04    2.1653398465027822e+03     1.7600934931917625e+04     -2.0639948616934671e+03    4.0491589310551349e+03     
-1.7651760900315581e+04    1.1055590045806330e+04     -1.3152521011511499e+04    -1.4971387645291657e+04    -2.2746016562486482e+04    2.3270074817559885e+03     1.6600114330355285e+04     -2.0770594124753552e+03    4.3534332229608899e+03     
-1.7031523235208351e+04    1.1174997419641535e+04     -1.4016808051263768e+04    -1.4525162909226668e+04    -2.3005780199109016e+04    2.4881109061819925e+03     1.5580061152154973e+04     -2.1007995228423561e+03    4.6556416668878173e+03     
-1.6402781586360972e+04    1.1273041789277078e+04     -1.4868092046643613e+04    -1.4070656290142886e+04    -2.3257414086228735e+04    2.6487335170478677e+03     1.4540067219566597e+04     -2.1363349861441488e+03    4.9554739702399993e+03     
-1.5765677719784044e+04    1.1350396437565276e+04     -1.5705861834306814e+04    -1.3607515820949342e+04    -2.3500408871638760e+04    2.8089740487526578e+03     1.3479416826009337e+04     -2.1849315433663742e+03    5.2525851126549715e+03     
-1.5120390017081774e+04    1.1407669707788104e+04     -1.6529599703951008e+04    -1.3135385507383880e+04    -2.3734168582090944e+04    2.9689481772035165e+03     1.2397395238131281e+04     -2.2480232068624246e+03    5.5465921232873452e+03     
-1.4467143032173732e+04    1.1445413941577892e+04     -1.7338784898643200e+04    -1.2653909541457415e+04    -2.3957999694905997e+04    3.1287905798220049e+03     1.1293300210188663e+04     -2.3272379753591531e+03    5.8370705911294262e+03     
-1.3806215969714365e+04    1.1464134425789773e+04     -1.8132899819492006e+04    -1.2162738495636253e+04    -2.4171098481292924e+04    3.2886574914707098e+03     1.0166457452708530e+04     -2.4244272479553088e+03    6.1235508226772681e+03     
-1.3137949474888899e+04    1.1464298299209993e+04     -1.8911438804964346e+04    -1.1661538161973685e+04    -2.4372536524298248e+04    3.4487297993104798e+03     9.0162413163243782e+03     -2.5416991319018725e+03    6.4055135209860273e+03     
-1.2462750063006788e+04    1.1446343294575818e+04     -1.9673919164394330e+04    -1.1150001905733654e+04    -2.4561244407621827e+04    3.6092167147166606e+03     7.8421023748176967e+03     -2.6814556196089270e+03    6.6823848206604098e+03     
-1.1781091531671143e+04    1.1410686114999637e+04     -2.0419893909688028e+04    -1.0627867655462409e+04    -2.4735993742823270e+04    3.7703600425597201e+03     6.6436041350435517e+03     -2.8464332239563701e+03    6.9535304897729684e+03     
-1.1093512812560484e+04    1.1357730179109347e+04     -2.1148965378279398e+04    -1.0094940947947303e+04    -2.4895377995015846e+04    3.9324390289506491e+03     5.4204717654887063e+03     -3.0397460182411382e+03    7.2182491278537746e+03     
-1.0400611945479708e+04    1.1287872430806463e+04     -2.1860798717569571e+04    -9.5511257682938285e+03    -2.5037793042251262e+04    4.0957756951839610e+03     4.1726564825656842e+03     -3.2649290008246235e+03    7.4757642876817845e+03     
-9.7030361844305298e+03    1.1201508911300622e+04     -2.2555134057858995e+04    -8.9964652228803570e+03    -2.5161419142942006e+04    4.2607404396973516e+03     2.9004199557714492e+03     -3.5259781240520729e+03    7.7252156804241595e+03     
-9.0014686380167623e+03    1.1099038841655612e+04     -2.3231796184944898e+04    -8.4311942514403800e+03    -2.5264207086596416e+04    4.4277574868799911e+03     1.6044435560134359e+03     -3.8273809854623155e+03    7.9656500536954663e+03     
-8.2966122450877410e+03    1.0980867063118607e+04     -2.3890700664813598e+04    -7.8558064283743979e+03    -2.5343872860373736e+04    4.5973094526872219e+03     2.8596704177581302e+02     -4.1741288744757394e+03    8.1960130297472024e+03     
-7.5891722196464034e+03    1.0847404818638408e+04     -2.4531855670447152e+04    -7.2711360927735604e+03    -2.5397907217016884e+04    4.7699398568205315e+03     -1.0530403688136880e+03    -4.5716965121006178e+03    8.4151442104567013e+03     
-6.8798383011575143e+03    1.0699069011186346e+04     -2.5155359178776889e+04    -6.6784550847585615e+03    -2.5423608955070260e+04    4.9462518368166420e+03     -2.4096777353214652e+03    -5.0259706734531355e+03    8.6217791938556165e+03     
-6.1692681764333229e+03    1.0536280216699359e+04     -2.5761391679638975e+04    -6.0795796169707210e+03    -2.5418153045409468e+04    5.1269006682995050e+03     -3.7798881474478453e+03    -5.5431039511879344e+03    8.8145636636187919e+03     
-5.4580732924914146e+03    1.0359459837081089e+04     -2.6350204991243801e+04    -5.4769766897570607e+03    -2.5378705875442552e+04    5.3125771460698215e+03     -5.1582348274390761e+03    -6.1292675134571655e+03    8.9920860069459268e+03     
-4.7468079878831304e+03    1.0169026834648883e+04     -2.6922108139163727e+04    -4.8738509287899233e+03    -2.5302597929157131e+04    5.5039787992995371e+03     -6.5377182382234769e+03    -6.7902809023586597e+03    9.1529351853108183e+03     
-4.0359624896132982e+03    9.9653944874043937e+03     -2.7477451483601020e+04    -4.2741831805230186e+03    -2.5187556610626096e+04    5.7017668731109316e+03     -7.9096953649232064e+03    -7.5311131965727300e+03    9.2957885909387642e+03     
-3.3259599176872284e+03    9.7489675487443365e+03     -2.8016610358659913e+04    -3.6826854957050132e+03    -2.5031986501507989e+04    5.9065096322571326e+03     -9.2639767852206387e+03    -8.3552828229978095e+03    9.4195290312640354e+03     
-2.6171570642055831e+03    9.5201400975187607e+03     -2.8539969428842640e+04    -3.1046397287407794e+03    -2.4835261788306256e+04    6.1186170500137232e+03     -1.0589171686307682e+04    -9.2642315191575544e+03    9.5233803274086422e+03     
-1.9098484061250347e+03    9.2792942406753264e+03     -2.9047908796789638e+04    -2.5456055676704186e+03    -2.4597972340604982e+04    6.3382774513930572e+03     -1.1873311310924531e+04    -1.0256797655082200e+04    9.6070391910714607e+03     
-1.2042725916067764e+03    9.0267996990051743e+03     -2.9540792639865285e+04    -2.0110195516495280e+03    -2.4322053723897538e+04    6.5654107774948143e+03     -1.3104704923328547e+04    -1.1328938039510505e+04    9.6707722124743923e+03     
-5.0062052098501061e+02    8.7630141855304737e+03     -3.0018960838981373e+04    -1.5057491102463912e+03    -2.4010745699543753e+04    6.7996526680554844e+03     -1.4272891561895372e+04    -1.2473816783687853e+04    9.7154477145023793e+03     
2.0095586913873220e+02     8.4882843940027888e+03     -3.0482723723752111e+04    -1.0336938041741776e+03    -2.3668366268749018e+04    7.0403768477541535e+03     -1.5369490648145185e+04    -1.3682288859075104e+04    9.7424864946159814e+03     
9.0033491925961550e+02     8.2029473655514903e+03     -3.0932359736784776e+04    -5.9752053464334301e+02    -2.3299943470729708e+04    7.2867523275708854e+03     -1.6388766074883337e+04    -1.4943688004615469e+04    9.7537388649184868e+03     
1.5974172832993529e+03     7.9073319990870377e+03     -3.1368115565268687e+04    -1.9857928371649385e+02    -2.2910787862395642e+04    7.5378218729621703e+03     -1.7327804344626813e+04    -1.6246741548353382e+04    9.7513168504884579e+03     
2.2921190916761875e+03     7.6017605079923505e+03     -3.1790208137931411e+04    1.6300885844318600e+02     -2.2506095328555388e+04    7.7925839243555365e+03     -1.8186324497419082e+04    -1.7580420340823712e+04    9.7374194919277070e+03     
2.9843664228673633e+03     7.2865496852341030e+03     -3.2198827850587557e+04    4.8814213173658817e+02     -2.2090644242554532e+04    8.0500628185356818e+03     -1.8966228430078794e+04    -1.8934586831494027e+04    9.7141834928915159e+03     
3.6740910821778944e+03     6.9620119025713475e+03     -3.2594142444101624e+04    7.7847301121275427e+02     -2.1668611479091705e+04    8.3093589866761013e+03     -1.9671032777621880e+04    -2.0300388861836960e+04    9.6835768665319156e+03     
4.3612275627960335e+03     6.6284558230515058e+03     -3.2976301076084637e+04    1.0361443650718145e+03     -2.1243498048171128e+04    8.5696778359317159e+03     -2.0305303784117339e+04    -2.1670418913935893e+04    9.6473382265412620e+03     
5.0457110002853105e+03     6.2861868430974773e+03     -3.3345438262252181e+04    1.2635626206529246e+03     -2.0818136814185316e+04    8.8303407055497883e+03     -2.0874171590283928e+04    -2.3038697715834540e+04    9.6069543850087339e+03     
5.7274759146209099e+03     5.9355073013198762e+03     -3.3701677486410990e+04    1.4632227519602179e+03     -2.0394751012480028e+04    9.0907831503812504e+03     -2.1382955568734516e+04    -2.4400549134726065e+04    9.5636649690236027e+03     
6.4064555467035134e+03     5.5767164993539336e+03     -3.4045134375291520e+04    1.6375851345495207e+03     -1.9975037242286937e+04    9.3505456446058342e+03     -2.1836900754325558e+04    -2.5752422668253392e+04    9.5184831357996700e+03     
7.0825816239807173e+03     5.2101105799910956e+03     -3.4375919403129534e+04    1.7889965495641343e+03     -1.9560254578604654e+04    9.6092606787781697e+03     -2.2241008817777747e+04    -2.7091702810584582e+04    9.4722238790269348e+03     
7.7557844219159342e+03     4.8359823034199862e+03     -3.4694140134743124e+04    1.9196450842658196e+03     -1.9151308903569228e+04    9.8666389179475518e+03     -2.2599941618205183e+04    -2.8416528616875577e+04    9.4255342226647026e+03     
8.4259930185496341e+03     4.4546207561267720e+03     -3.4999903040841687e+04    2.0315391353242687e+03     -1.8748827131303406e+04    1.0122455985535757e+04     -2.2917976359758213e+04    -2.9725634867013126e+04    9.3789219642936441e+03     
9.0931356655666677e+03     4.0663110204741852e+03     -3.5293314931358436e+04    2.1265024590576340e+03     -1.8353219587661421e+04    1.0376540649398052e+04     -2.3198995101704451e+04    -3.1018218554632065e+04    9.3327813193174316e+03     
9.7571402203898160e+03     3.6713338269672377e+03     -3.5574484056435242e+04    2.2061792128351713e+03     -1.7964730829968645e+04    1.0628764686450424e+04     -2.3446495654652499e+04    -3.2293830097381237e+04    9.2874148878502638e+03     
1.0417934600167639e+04     3.2699652060310573e+03     -3.5843520923730895e+04    2.2720447136331622e+03     -1.7583480162607451e+04    1.0879034417646346e+04     -2.3663614710969345e+04    -3.3552286586681155e+04    9.2430519746058835e+03     
1.1075447230844518e+04     2.8624761518294363e+03     -3.6100538877203639e+04    2.3254190451048339e+03     -1.7209493442568237e+04    1.1127283763198351e+04     -2.3853157066614385e+04    -3.4793603670590484e+04    9.1998635946746981e+03     
1.1729607473592801e+04     2.4491323071696697e+03     -3.6345654477878452e+04    2.3674816747199511e+03     -1.6842727766436263e+04    1.1373468612301385e+04     -2.4017626997491563e+04    -3.6017942668139091e+04    9.1579746158559792e+03     
1.2380346017499372e+04     2.0301936757630463e+03     -3.6578987722150101e+04    2.3992859606201796e+03     -1.6483090468116374e+04    1.1617562293756026e+04     -2.4159259391078245e+04    -3.7225569859627118e+04    9.1174735037311912e+03     
1.3027595232142192e+04     1.6059143659183044e+03     -3.6800662128357493e+04    2.4217729093412740e+03     -1.6130453638181234e+04    1.1859551949739329e+04     -2.4280049265226909e+04    -3.8416825363980919e+04    9.0784201004976876e+03     
1.3671289477045331e+04     1.1765423680319145e+03     -3.7010804717929081e+04    2.4357838576882496e+03     -1.5784665154743674e+04    1.2099435640521944e+04     -2.4381778974539029e+04    -3.9592099486485713e+04    9.0408518127729076e+03     
1.4311365367336984e+04     7.4231936691024521e+02     -3.7209545913414739e+04    2.4420719476137301e+03     -1.5445557016686847e+04    1.2337220035581275e+04     -2.4466042823617638e+04    -4.0751814845643821e+04    9.0047885233897250e+03     
1.4947761996528303e+04     3.0348058894040395e+02     -3.7397019372228358e+04    2.4413123806436238e+03     -1.5112951601503291e+04    1.2572918572564095e+04     -2.4534269058659338e+04    -4.1896412948221543e+04    8.9702364856743243e+03     
1.5580421118387612e+04     -1.3974531664332443e+02    -3.7573361771879063e+04    2.4341115053713229e+03     -1.4786666332384100e+04    1.2806549988338376e+04     -2.4587739352377510e+04    -4.3026344175696162e+04    8.9371914091557592e+03     
1.6209287290543574e+04     -5.8713636372095334e+02    -3.7738712559849526e+04    2.4210148262810876e+03     -1.4466517129465245e+04    1.3038137145542616e+04     -2.4627605971729550e+04    -4.4142060379852475e+04    8.9056409039799310e+03     
1.6834307982841598e+04     -1.0384772842095367e+03    -3.7893213679032728e+04    2.4025140369533124e+03     -1.4152320933961348e+04    1.3267706093755549e+04     -2.4654906849658073e+04    -4.5244009469516088e+04    8.8755664170916643e+03     
1.7455433653658161e+04     -1.4935595539624005e+03    -3.8037009277708727e+04    2.3790531835715751e+03     -1.3843897526914354e+04    1.3495285317082216e+04     -2.4670578788240207e+04    -4.6332631513635759e+04    8.8469447656416614e+03     
1.8072617797421492e+04     -1.9521813918392793e+03    -3.8170245411413307e+04    2.3510340607318049e+03     -1.3541070812532393e+04    1.3720905130065707e+04     -2.4675469012263515e+04    -4.7408355996588543e+04    8.8197493510167315e+03     
1.8685816966533013e+04     -2.4141477342394819e+03    -3.8293069742649393e+04    2.3188209340822009e+03     -1.3243669696285338e+04    1.3944597191839935e+04     -2.4670345276252498e+04    -4.8471599946679511e+04    8.7939511193966464e+03     
1.9294990770762546e+04     -2.8792701874233312e+03    -3.8405631243220763e+04    2.2827446752850637e+03     -1.2951528657382079e+04    1.4166394114761973e+04     -2.4655904708608545e+04    -4.9522766724152068e+04    8.7695193209177596e+03     
1.9900101857021331e+04     -3.3473669599304080e+03    -3.8508079902960220e+04    2.2431063853732517e+03     -1.2664488091844076e+04    1.4386329148728379e+04     -2.4632781556335605e+04    -5.0562245305079887e+04    8.7464221086263860e+03     
2.0501115872226390e+04     -3.8182627773479421e+03    -3.8600566447783429e+04    2.2001805734497402e+03     -1.2382394484465138e+04    1.4604435926290007e+04     -2.4601553974260420e+04    -5.1590409935874617e+04    8.7246270098333807e+03     
2.1098001411763340e+04     -4.2917887815981176e+03    -3.8683242069300788e+04    2.1542179492043338e+03     -1.2105100454213556e+04    1.4820748256750923e+04     -2.4562749984471106e+04    -5.2607620062548078e+04    8.7041012957234161e+03     
2.1690729955840310e+04     -4.7677824168079114e+03    -3.8756258167616223e+04    2.1054478800558609e+03     -1.1832464707104395e+04    1.5035299959848811e+04     -2.4516852715251302e+04    -5.3614220461392862e+04    8.6848122697539293e+03     
2.2279275795815891e+04     -5.2460873037054553e+03    -3.8819766108460419e+04    2.0540805569182971e+03     -1.1564351922504227e+04    1.5248124731518596e+04     -2.4464305014163459e+04    -5.4610541515055425e+04    8.6667274911842214e+03     
2.2863615952375825e+04     -5.7265531043573701e+03    -3.8873916995383741e+04    2.0003089066089699e+03     -1.1300632592632383e+04    1.5459256035739943e+04     -2.4405513517087937e+04    -5.5596899591242516e+04    8.6498149467588592e+03     
2.3443730087240667e+04     -6.2090353789281444e+03    -3.8918861457422230e+04    1.9443102837105212e+03     -1.1041182830266527e+04    1.5668727017653799e+04     -2.4340852243840709e+04    -5.6573597491524466e+04    8.6340431809479778e+03     
2.4019600409895356e+04     -6.6933954360066464e+03    -3.8954749452350326e+04    1.8862479701921409e+03     -1.0785884156008753e+04    1.5876570434072397e+04     -2.4270665781302669e+04    -5.7540924945541701e+04    8.6193813930655451e+03     
2.4591211580658641e+04     -7.1795001779093873e+03    -3.8981730085434712e+04    1.8262725072091387e+03     -1.0534623273654892e+04    1.6082818598254322e+04     -2.4195272106636428e+04    -5.8499159131975153e+04    8.6057995079355787e+03     
2.5158550611254170e+04     -7.6672219422402504e+03    -3.8999951443421654e+04    1.7645228801589417e+03     -1.0287291840053427e+04    1.6287503336408288e+04     -2.4114965095977004e+04    -5.9448565212277652e+04    8.5932682254594365e+03     
2.5721606763888631e+04     -8.1564383408585809e+03    -3.9009560443346076e+04    1.7011275752017805e+03     -1.0043786234180969e+04    1.6490655953864443e+04     -2.4030016757807181e+04    -6.0389396866764102e+04    8.5817590533866623e+03     
2.6280371449711856e+04     -8.6470320972862937e+03    -3.9010702695658860e+04    1.6362055229931893e+03     -9.8040073288867588e+03    1.6692307209231010e+04     -2.3940679224927539e+04    -6.1321896825400334e+04    8.5712443267543931e+03     
2.6834838127411469e+04     -9.1388908834703925e+03    -3.9003522381085095e+04    1.5698669432642869e+03     -9.5678602677832550e+03    1.6892487295161147e+04     -2.3847186534384447e+04    -6.2246297387753468e+04    8.5616972167828972e+03     
2.7385002202577885e+04     -9.6319071567125502e+03    -3.8988162140561464e+04    1.5022141020744712e+03     -9.3352542490133619e+03    1.7091225824598496e+04     -2.3749756220813626e+04    -6.3162820928187510e+04    8.5530917314789131e+03     
2.7930860928384380e+04     -1.0125977997472386e+04    -3.8964762977585306e+04    1.4333419920067277e+03     -9.1061023170562494e+03    1.7288551821569334e+04     -2.3648590745310783e+04    -6.4071680383643616e+04    8.5454027097604740e+03     
2.8472413308028172e+04     -1.0621004948663247e+04    -3.8933464172260545e+04    1.3633389442401049e+03     -8.8803211633004757e+03    1.7484493715752607e+04     -2.3543878779052433e+04    -6.4973079722267415e+04    8.5386058105680750e+03     
2.9009659999308285e+04     -1.1116893856973951e+04    -3.8894403206343886e+04    1.2922871802851651e+03     -8.6578309357899943e+03    1.7679079340187509e+04     -2.3435796358424639e+04    -6.5867214391895352e+04    8.5326774981420549e+03     
2.9542603221636935e+04     -1.1613554716669030e+04    -3.8847715698569649e+04    1.2202633101794393e+03     -8.4385550583028962e+03    1.7872335931586153e+04     -2.3324507926267652e+04    -6.6754271747922670e+04    8.5275950244198502e+03     
3.0071246665728388e+04     -1.2110901516253260e+04    -3.8793535349562539e+04    1.1473387830867521e+03     -8.2224200587425312e+03    1.8064290132809099e+04     -2.3210167272021405e+04    -6.7634431460505788e+04    8.5233364093186246e+03     
3.0595595406145872e+04     -1.2608852088319651e+04    -3.8731993895650303e+04    1.0735802955079848e+03     -8.0093554066917341e+03    1.8254967997129035e+04     -2.3092918381951815e+04    -6.8507865901337500e+04    8.5198804195206048e+03     
3.1115655816847498e+04     -1.3107327962844673e+04    -3.8663221070916115e+04    9.9905016167377960e+02     -7.7992933598846912e+03    1.8444394993974835e+04     -2.2972896209274666e+04    -6.9374740510434931e+04    8.5172065462544833e+03     
3.1631435489826785e+04     -1.3606254224140654e+04    -3.8587344576853102e+04    9.2380665013777320e+02     -7.5921688192867914e+03    1.8632596015887575e+04     -2.2850227372794336e+04    -7.0235214143567180e+04    8.5152949824695497e+03     
3.2142943156908255e+04     -1.4105559371630345e+04    -3.8504490059005169e+04    8.4790429011028527e+02     -7.3879191924306178e+03    1.8819595386470119e+04     -2.2725030791647303e+04    -7.1089439401019044e+04    8.5141265997155733e+03     
3.2650188614730661e+04     -1.4605175184568745e+04    -3.8414781090020580e+04    7.7139415065596972e+02     -7.1864842646295992e+03    1.9005416869142977e+04     -2.2597418262838393e+04    -7.1937562938473871e+04    8.5136829249794828e+03     
3.3153182652920506e+04     -1.5105036590797425e+04    -3.8318339158557523e+04    6.9432409551655667e+02     -6.9878060776781740e+03    1.9190083676545219e+04     -2.2467494987476497e+04    -7.2779725760823916e+04    8.5139461176727527e+03     
3.3651936985440560e+04     -1.5605081539591087e+04    -3.8215283663528637e+04    6.1673901600378701e+02     -6.7918288156436747e+03    1.9373618480445995e+04     -2.2335360050936888e+04    -7.3616063499745535e+04    8.5148989469233275e+03     
3.4146464185076533e+04     -1.6105250878620811e+04    -3.8105731913186835e+04    5.3868104413125991e+02     -6.5984986973563045e+03    1.9556043422053361e+04     -2.2201106861575819e+04    -7.4446706675865120e+04    8.5165247692887333e+03     
3.4636777621013200e+04     -1.6605488235040582e+04    -3.7989799128602710e+04    4.6018974791237781e+02     -6.4077638752149514e+03    1.9737380122620634e+04     -2.2064823552111935e+04    -7.5271780946342740e+04    8.5188075069792158e+03     
3.5122891399433553e+04     -1.7105739900678585e+04    -3.7867598451089601e+04    3.8130231053944937e+02     -6.2195743399360817e+03    1.9917649694266805e+04     -2.1926593347319540e+04    -7.6091407338661957e+04    8.5217316266563994e+03     
3.5604820307071786e+04     -1.7605954721298553e+04    -3.7739240953191205e+04    3.0205369497301331e+02     -6.0338818308882173e+03    2.0096872750944196e+04     -2.1786494901291066e+04    -7.6905702471410477e+04    8.5252821188544167e+03     
3.6082579757634892e+04     -1.8106083989883449e+04    -3.7604835652845919e+04    2.2247679530653900e+02     -5.8506397516697762e+03    2.0275069419487307e+04     -2.1644602607163648e+04    -7.7714778762795206e+04    8.5294444780544090e+03     
3.6556185741006797e+04     -1.8606081343873753e+04    -3.7464489530390980e+04    1.4260257612751181e+02     -5.6698030906054955e+03    2.0452259350694865e+04     -2.1500986881899953e+04    -7.8518744627595763e+04    8.5342046834332523e+03     
3.7025654775145216e+04     -1.9105902666290895e+04    -3.7318307548080455e+04    6.2460200968431003e+01     -5.4913283458540081e+03    2.0628461730400744e+04     -2.1355714428438143e+04    -7.9317704663244163e+04    8.5395491802944762e+03     
3.7491003860572018e+04     -1.9605505990661921e+04    -3.7166392671825466e+04    -1.7922849171298417e+01    -5.3151734548349668e+03    2.0803695290496369e+04     -2.1208848477283052e+04    -8.0111759825664485e+04    8.5454648621849628e+03     
3.7952250437362651e+04     -2.0104851409653536e+04    -3.7008845894881735e+04    -9.8520666351360276e+01    -5.1412977277026384e+03    2.0977978319873040e+04     -2.1060449009399970e+04    -8.0901007595489631e+04    8.5519390536920891e+03     
3.8409412344533404e+04     -2.0603900987324083e+04    -3.6845766263236706e+04    -1.7930881447156997e+02    -4.9696617846090785e+03    2.1151328675257788e+04     -2.0910572962079146e+04    -8.1685542135224678e+04    8.5589594939129111e+03     
3.8862507781731903e+04     -2.1102618674889454e+04    -3.6677250902459906e+04    -2.6026423559374399e+02    -4.8002274965150646e+03    2.1323763791920999e+04     -2.0759274419273665e+04    -8.2465454437900931e+04    8.5665143205832101e+03     
3.9311555273129386e+04     -2.1600970229903738e+04    -3.6503395045816273e+04    -3.4136516316002968e+02    -4.6329579293236984e+03    2.1495300694236827e+04     -2.0606604787763637e+04    -8.3240832467731161e+04    8.5745920548499107e+03     
3.9756573633416680e+04     -2.2098923138745977e+04    -3.6324292063438807e+04    -4.2259104152560428e+02    -4.4678172911247420e+03    2.1665956006080349e+04     -2.0452612960364502e+04    -8.4011761293242351e+04    8.5831815866703946e+03     
4.0197581935811235e+04     -2.2596446542309252e+04    -3.6140033492392497e+04    -5.0392245127924213e+02    -4.3047708823530102e+03    2.1835745961050496e+04     -2.0297345467284322e+04    -8.4778323213339565e+04    8.5922721608185220e+03     
4.0634599481982979e+04     -2.3093511164783289e+04    -3.5950709067464784e+04    -5.8534103987486628e+02    -4.1437850486755187e+03    2.2004686412506973e+04     -2.0140846616619787e+04    -8.5540597876722415e+04    8.6018533634792238e+03     
4.1067645773799792e+04     -2.3590089245423831e+04    -3.5756406752540308e+04    -6.6682945714162554e+02    -3.9848271364363968e+03    2.2172792843413426e+04     -1.9983158624898831e+04    -8.6298662395050400e+04    8.6119151094083609e+03     
4.1496740486814117e+04     -2.4086154473202841e+04    -3.5557212772426356e+04    -7.4837129527991203e+02    -3.8278654504976716e+03    2.2340080375981051e+04     -1.9824321738479688e+04    -8.7052591450226755e+04    8.6224476296396551e+03     
4.1921903445394943e+04     -2.4581681924234017e+04    -3.5353211645007032e+04    -8.2995103298636036e+02    -3.6728692143275625e+03    2.2506563781106568e+04     -1.9664374346552235e+04    -8.7802457396148326e+04    8.6334414597149662e+03     
4.2343154599431291e+04     -2.5076648001868725e+04    -3.5144486213624492e+04    -9.1155398338306463e+02    -3.5198085321955205e+03    2.2672257487604133e+04     -1.9503353086412430e+04    -8.8548330355253216e+04    8.6448874284192243e+03     
4.2760514002515665e+04     -2.5571030379361964e+04    -3.4931117679584022e+04    -9.9316624545503487e+02    -3.3686543533443078e+03    2.2837175591224328e+04     -1.9341292941621676e+04    -8.9290278310164416e+04    8.6567766469977814e+03     
4.3174001791542229e+04     -2.6064807945006705e+04    -3.4713185634698981e+04    -1.0747746587259874e+03    -3.2193784380176244e+03    2.3001331863463132e+04     -1.9178227333607854e+04    -9.0028367190718724e+04    8.6691004988369459e+03     
4.3583638167636636e+04     -2.6557960749639613e+04    -3.4490768093793507e+04    -1.1563667609259985e+03    -3.0719533252297701e+03    2.3164739760158784e+04     -1.9014188207218514e+04    -9.0762660956650609e+04    8.6818506295864390e+03     
4.3989443378349111e+04     -2.7050469956424000e+04    -3.4263941527102405e+04    -1.2379307484257347e+03    -2.9263523021722904e+03    2.3327412429877222e+04     -1.8849206110685467e+04    -9.1493221676173314e+04    8.6950189377066399e+03     
4.4391437701045594e+04     -2.7542317792813814e+04    -3.4032780892490897e+04    -1.3194554392311454e+03    -2.7825493751586037e+03    2.3489362722086786e+04     -1.8683310270427144e+04    -9.2220109600705022e+04    8.7085975654197737e+03     
4.4789641427422896e+04     -2.8033487504613884e+04    -3.3797359667455232e+04    -1.4009302383497625e+03    -2.6405192420148433e+03    2.3650603195124728e+04     -1.8516528661072352e+04    -9.2943383235950867e+04    8.7225788900487678e+03     
4.5184074849098783e+04     -2.8523963312043787e+04    -3.3557749880841446e+04    -1.4823451053555518e+03    -2.5002372658313398e+03    2.3811146123957154e+04     -1.8348888071062960e+04    -9.3663099409549133e+04    8.7369555157249506e+03     
4.5574758244204568e+04     -2.9013730367726446e+04    -3.3314022144249335e+04    -1.5636905239935350e+03    -2.3616794499945190e+03    2.3971003507734200e+04     -1.8180414164157341e+04    -9.4379313335474289e+04    8.7517202654491502e+03     
4.5961711864933968e+04     -2.9502774716514585e+04    -3.3066245683078516e+04    -1.6449574736780983e+03    -2.2248224144245482e+03    2.4130187077145820e+04     -1.8011131537131248e+04    -9.5092078675384924e+04    8.7668661734891866e+03     
4.6344955925985036e+04     -2.9991083257079426e+04    -3.2814488367186292e+04    -1.7261374027511033e+03    -2.0896433729488426e+03    2.4288708301577717e+04     -1.7841063773951879e+04    -9.5801447597071150e+04    8.7823864780986696e+03     
4.6724510593854531e+04     -3.0478643705187118e+04    -3.2558816741127368e+04    -1.8072222033760847e+03    -1.9561201117464364e+03    2.4446578396074750e+04     -1.7670233496671430e+04    -9.6507470830180217e+04    8.7982746145429446e+03     
4.7100395976926266e+04     -3.0965444558585223e+04    -3.2299296053954044e+04    -1.8882041879551139e+03    -1.8242309688019056e+03    2.4603808328112071e+04     -1.7498662413276747e+04    -9.7210197719351330e+04    8.8145242084172005e+03     
4.7472632116311441e+04     -3.1451475063433620e+04    -3.2035990288552519e+04    -1.9690760669633614e+03    -1.6939548143121281e+03    2.4760408824179583e+04     -1.7326371362698599e+04    -9.7909676274920479e+04    8.8311290692438506e+03     
4.7841238977400906e+04     -3.1936725182209790e+04    -3.1768962190500763e+04    -2.0498309281047950e+03    -1.5652710319923690e+03    2.4916390376184168e+04     -1.7153380357185088e+04    -9.8605953221301068e+04    8.8480831843365286e+03     
4.8206236442080408e+04     -3.2421185563023635e+04    -3.1498273296434138e+04    -2.1304622166996755e+03    -1.4381595012318303e+03    2.5071763247670882e+04     -1.6979708622212784e+04    -9.9299074043188375e+04    8.8653807129172383e+03     
4.8567644301574765e+04     -3.2904847510281252e+04    -3.1223983961905222e+04    -2.2109637172215257e+03    -1.3126005800519270e+03    2.5226537479871244e+04     -1.6805374634103100e+04    -9.9989083029692541e+04    8.8830159804769810e+03     
4.8925482249882181e+04     -3.3387702956636451e+04    -3.0946153388730978e+04    -2.2913295359070412e+03    -1.1885750888235043e+03    2.5380722897579260e+04     -1.6630396155499264e+04    -1.0067602331650854e+05    8.9009834733667412e+03     
4.9279769877763312e+04     -3.3869744436170753e+04    -3.0664839651819548e+04    -2.3715540843686772e+03    -1.0660642947019471e+03    2.5534329114860502e+04     -1.6454790268844135e+04    -1.0135993692623008e+05    8.9192778336093506e+03     
4.9630526667251826e+04     -3.4350965058753849e+04    -3.0380099725471388e+04    -2.4516320641444381e+03    -9.4504989674170395e+02    2.5687365540599068e+04     -1.6278573407988717e+04    -1.0204086480690271e+05    8.9378938539224964e+03     
4.9977771986656640e+04     -3.4831358485523488e+04    -3.0091989509153911e+04    -2.5315584521241667e+03    -8.2551401165419134e+02    2.5839841383885974e+04     -1.6101761388055849e+04    -1.0271884686890432e+05    8.9568264729417861e+03     
5.0321525086020192e+04     -3.5310918905440223e+04    -2.9800563852745283e+04    -2.6113284867963521e+03    -7.0743916017511219e+02    2.5991765659252877e+04     -1.5924369433668127e+04    -1.0339392202024476e+05    8.9760707706358044e+03     
5.0661805093015493e+04     -3.5789641012866610e+04    -2.9505876581249955e+04    -2.6909376552632111e+03    -5.9080825400949345e+02    2.6143147191755284e+04     -1.5746412205646417e+04    -1.0406612820035753e+05    8.9956219639046394e+03     
5.0998631009241719e+04     -3.6267519986124273e+04    -2.9207980518987493e+04    -2.7703816809755904e+03    -4.7560458332445802e+02    2.6293994621910013e+04     -1.5567903826274451e+04    -1.0473550241246952e+05    9.0154754023527294e+03     
5.1332021706906431e+04     -3.6744551466989091e+04    -2.8906927513253468e+04    -2.8496565121429508e+03    -3.6181180476174313e+02    2.6444316410489424e+04     -1.5388857903220078e+04    -1.0540208075460397e+05    9.0356265642292055e+03     
5.1661995925860654e+04     -3.7220731541075642e+04    -2.8602768457462047e+04    -2.9287583107761138e+03    -2.4941392994351392e+02    2.6594120843178371e+04     -1.5209287552195057e+04    -1.0606589844930728e+05    9.0560710525264676e+03     
5.1988572270970435e+04     -3.7696056719076012e+04    -2.8295553313768924e+04    -3.0076834423243076e+03    -1.3839531444666449e+02    2.6743416035095583e+04     -1.5029205418432603e+04    -1.0672698987214100e+05    9.0768045912326124e+03     
5.2311769209800652e+04     -3.8170523918812425e+04    -2.7985331135181699e+04    -3.0864284658700963e+03    -2.8740647222171276e+01    2.6892209935185707e+04     -1.4848623697053332e+04    -1.0738538857901312e+05    9.0978230217278997e+03     
5.2631605070595033e+04     -3.8644130448066666e+04    -2.7672150087166759e+04    -3.1649901248481592e+03    7.9565059562445754e+01     2.7040510330481764e+04     -1.4667554152387151e+04    -1.0804112733239758e+05    9.1191222993212232e+03     
5.2948098040526602e+04     -3.9116873988153755e+04    -2.7356057468753559e+04    -3.2433653382569605e+03    1.8653648027834274e+02     2.7188324850247987e+04     -1.4486008136313771e+04    -1.0869423812650517e+05    9.1406984899190320e+03     
5.3261266164210421e+04     -3.9588752578202366e+04    -2.7037099733148032e+04    -3.3215511923334034e+03    2.9218798520778324e+02     2.7335660970000179e+04     -1.4303996605679538e+04    -1.0934475221144133e+05    9.1625477668210533e+03     
5.3571127342454252e+04     -4.0059764600113944e+04    -2.6715322507858436e+04    -3.3995449326634862e+03    3.9653364955222708e+02     2.7482526015410484e+04     -1.4121530138845050e+04    -1.0999270011641402e+05    9.1846664076378893e+03     
5.3877699331233183e+04     -4.0529908764167572e+04    -2.6390770614344707e+04    -3.4773439567030350e+03    4.9958726209347338e+02     2.7628927166099853e+04     -1.3938618951414466e+04    -1.1063811167202808e+05    9.2070507913245783e+03     
5.4180999740877305e+04     -4.0999184095241224e+04    -2.6063488087198493e+04    -3.5549458066848656e+03    6.0136233352426837e+02     2.7774871459320599e+04     -1.3755272911193824e+04    -1.1128101603171161e+05    9.2296973953254037e+03     
5.4481046035454106e+04     -4.1467589919625651e+04    -2.5733518192860181e+04    -3.6323481628897362e+03    7.0187210446385598e+02     2.7920365793533092e+04     -1.3571501552421405e+04    -1.1192144169231156e+05    9.2526027928247659e+03     
5.4777855532334674e+04     -4.1935125852397730e+04    -2.5400903447884208e+04    -3.7095488372605400e+03    8.0112955317321268e+02     2.8065416931878990e+04     -1.3387314089313522e+04    -1.1255941651390441e+05    9.2757636500997960e+03     
5.5071445401930316e+04     -4.2401791785333400e+04    -2.5065685636759554e+04    -3.7865457673398910e+03    8.9914740298372624e+02     2.8210031505555304e+04     -1.3202719428962264e+04    -1.1319496773884614e+05    9.2991767239707024e+03     
5.5361832667589108e+04     -4.2867587875335463e+04    -2.4727905829294563e+04    -3.8633370105127037e+03    9.9593812945241689e+02     2.8354216017090406e+04     -1.3017726183622912e+04    -1.1382812201011079e+05    9.3228388593440068e+03     
5.5649034205641001e+04     -4.3332514533348869e+04    -2.4387604397575360e+04    -3.9399207385370601e+03    1.0915139672561356e+03     2.8497976843527678e+04     -1.2832342682423934e+04    -1.1445890538893560e+05    9.3467469868449971e+03     
5.5933066745581826e+04     -4.3796572413747665e+04    -2.4044821032505813e+04    -4.0162952323465829e+03    1.1858869168364984e+03     2.8641320239515986e+04     -1.2646576982531902e+04    -1.1508734337181544e+05    9.3708981205363598e+03     
5.6213946870383174e+04     -4.4259762404167275e+04    -2.3699594759939780e+04    -4.0924588771099793e+03    1.2790687508065312e+03     2.8784252340313647e+04     -1.2460436879800458e+04    -1.1571346090686598e+05    9.3952893557173957e+03     
5.6491691016925550e+04     -4.4722085615766096e+04    -2.3351963956411284e+04    -4.1684101575330733e+03    1.3710710201296804e+03     2.8926779164705891e+04     -1.2273929918932006e+04    -1.1633728240959051e+05    9.4199178668031582e+03     
5.6766315476541400e+04     -4.5183543373894739e+04    -2.3001966364475982e+04    -4.2441476533902396e+03    1.4619050600811026e+03     2.9068906617839344e+04     -1.2087063403177432e+04    -1.1695883177807325e+05    9.4447809052781522e+03     
5.7037836395658735e+04     -4.5644137209155044e+04    -2.2649639107668267e+04    -4.3196700352726521e+03    1.5515819960006936e+03     2.9210640493975603e+04     -1.1899844403599282e+04    -1.1757813240762701e+05    9.4698757977219611e+03     
5.7306269776544461e+04     -4.6103868848834580e+04    -2.2295018705086215e+04    -4.3949760605417450e+03    1.6401127488468196e+03     2.9351986479168168e+04     -1.1712279767920814e+04    -1.1819520720491368e+05    9.4951999439046394e+03     
5.7571631478132163e+04     -4.6562740208693482e+04    -2.1938141085611362e+04    -4.4700645694769291e+03    1.7275080405593153e+03     2.9492950153861177e+04     -1.1524376128982980e+04    -1.1881007860156446e+05    9.5207508149477180e+03     
5.7833937216934952e+04     -4.7020753385095733e+04    -2.1579041601771467e+04    -4.5449344816072444e+03    1.8137783992397301e+03     2.9633536995418221e+04     -1.1336139912829603e+04    -1.1942276856732219e+05    9.5465259515492144e+03     
5.8093202568030523e+04     -4.7477910647462988e+04    -2.1217755043256489e+04    -4.6195847922165794e+03    1.8989341641565993e+03     2.9773752380576698e+04     -1.1147577346440257e+04    -1.2003329862272371e+05    9.5725229622698680e+03     
5.8349442966119488e+04     -4.7934214431041102e+04    -2.0854315650095454e+04    -4.6940145690143063e+03    1.9829854905830209e+03     2.9913601587834990e+04     -1.0958694465128741e+04    -1.2064168985133743e+05    9.5987395218773891e+03     
5.8602673706645386e+04     -4.8389667329963384e+04    -2.0488757125500120e+04    -4.7682229489619331e+03    2.0659423544733972e+03     3.0053089799773345e+04     -1.0769497119623355e+04    -1.2124796291158513e+05    9.6251733697473646e+03     
5.8852909946975306e+04     -4.8844272090597566e+04    -2.0121112648389393e+04    -4.8422091352479883e+03    2.1478145569860094e+03     3.0192222105308210e+04     -1.0579990982846695e+04    -1.2185213804815526e+05    9.6518223083180328e+03     
5.9100166707632561e+04     -4.9298031605165168e+04    -1.9751414885594335e+04    -4.9159723944032794e+03    2.2286117288576261e+03     3.0331003501884923e+04     -1.0390181556409070e+04    -1.2245423510303612e+05    9.6786842015966995e+03     
5.9344458873581483e+04     -4.9750948905619305e+04    -1.9379696003760608e+04    -4.9895120535496553e+03    2.3083433346362663e+03     3.0469438897610198e+04     -1.0200074176828713e+04    -1.2305427352616491e+05    9.7057569737162739e+03     
5.9585801195556698e+04     -5.0203027157773337e+04    -1.9005987680946288e+04    -5.0628274977748215e+03    2.3870186767776004e+03     3.0607533113324203e+04     -1.0009674021495002e+04    -1.2365227238573077e+05    9.7330386075388578e+03     
5.9824208291430907e+04     -5.0654269655661992e+04    -1.8630321117933414e+04    -5.1359181676276867e+03    2.4646468996106159e+03     3.0745290884616039e+04     -9.8189861143845810e+03    -1.2424825037813233e+05    9.7605271433064045e+03     
6.0059694647625656e+04     -5.1104679816135067e+04    -1.8252727049251382e+04    -5.2087835567271904e+03    2.5412369931774065e+03     3.0882716863784051e+04     -9.6280153315445605e+03    -1.2484222583760699e+05    9.7882206773341677e+03     
6.0292274620551274e+04     -5.1554261173664556e+04    -1.7873235753923556e+04    -5.2814232094796789e+03    2.6167977969523990e+03     3.1019815621741676e+04     -9.4367664063520133e+03    -1.2543421674554625e+05    9.8161173607480396e+03     
6.0521962438080984e+04     -5.2003017375359625e+04    -1.7491877065943678e+04    -5.3538367188991342e+03    2.6913380034453694e+03     3.1156591649872265e+04     -9.2452439345619587e+03    -1.2602424073950470e+05    9.8442153982611053e+03     
6.0748772201050539e+04     -5.2450952176180348e+04    -1.7108680384491778e+04    -5.4260237245249118e+03    2.7648661616928739e+03     3.1293049361831807e+04     -9.0534523791543197e+03    -1.2661231512192266e+05    9.8725130469905816e+03     
6.0972717884782265e+04     -5.2898069434343721e+04    -1.6723674683888774e+04    -5.4979839104326866e+03    2.8373906806423433e+03     3.1429193095304312e+04     -8.8613960749869839e+03    -1.2719845686856801e+05    9.9010086153115917e+03     
6.1193813340634129e+04     -5.3344373106905296e+04    -1.6336888523305441e+04    -5.5697170033335824e+03    2.9089198324329241e+03     3.1565027113708413e+04     -8.6690792332674409e+03    -1.2778268263671000e+05    9.9297004617480343e+03     
6.1412072297565464e+04     -5.3789867245521113e+04    -1.5948350056225676e+04    -5.6412227707573620e+03    2.9794617555768627e+03     3.1700555607858467e+04     -8.4765059458484811e+03    -1.2836500877303490e+05    9.9585869938973956e+03     
6.1627508363720342e+04     -5.4234555992370515e+04    -1.5558087039673967e+04    -5.7125010193155194e+03    3.0490244580454205e+03     3.1835782697581166e+04     -8.2836801893579395e+03    -1.2894545132130958e+05    9.9876666673897707e+03     
6.1840135028025805e+04     -5.4678443576240883e+04    -1.5166126843210639e+04    -5.7835515930406282e+03    3.1176158202624092e+03     3.1970712433287696e+04     -8.0906058291689924e+03    -1.2952402602981345e+05    1.0016937984878607e+04     
6.2049965661805312e+04     -5.5121534308763017e+04    -1.4772496457703155e+04    -5.8543743717981006e+03    3.1852435980091877e+03     3.2105348797505561e+04     -7.8972866232199931e+03    -1.3010074835853533e+05    1.0046399495063086e+04     
6.2257013520397850e+04     -5.5563832580793453e+04    -1.4377222503878278e+04    -5.9249692697668524e+03    3.2519154252441022e+03     3.2239695706368042e+04     -7.7037262256882241e+03    -1.3067563348615520e+05    1.0076049791739975e+04     
6.2461291744793067e+04     -5.6005342858932418e+04    -1.3980331240660224e+04    -5.9953362339856012e+03    3.3176388168396070e+03     3.2373757011064885e+04     -7.5099281905264997e+03    -1.3124869631680680e+05    1.0105887512884041e+04     
6.2662813363265872e+04     -5.6446069682178553e+04    -1.3581848573301120e+04    -6.0654752429620585e+03    3.3824211712399979e+03     3.2507536499254715e+04     -7.3158959748671459e+03    -1.3181995148663814e+05    1.0135911339756703e+04     
6.2861591293024241e+04     -5.6886017658710422e+04    -1.3181800061309566e+04    -6.1353863053413861e+03    3.4462697730424820e+03     3.2641037896439295e+04     -7.1216329423005145e+03    -1.3238941337017511e+05    1.0166119996040916e+04     
6.3057638341856393e+04     -5.7325191462787370e+04    -1.2780210926181484e+04    -6.2050694586319487e+03    3.5091917955045119e+03     3.2774264867303551e+04     -6.9271423660322898e+03    -1.3295709608649765e+05    1.0196512247001931e+04     
6.3250967209781935e+04     -5.7763595831769919e+04    -1.2377106058939115e+04    -6.2745247679847653e+03    3.5711943029799154e+03     3.2907221017017568e+04     -6.7324274319263031e+03    -1.3352301350522824e+05    1.0227086898672298e+04     
6.3441590490706832e+04     -5.8201235563249233e+04    -1.1972510027482695e+04    -6.3437523250251534e+03    3.6322842532860586e+03     3.3039909892508156e+04     -6.5374912414366145e+03    -1.3408717925235134e+05    1.0257842797061357e+04     
6.3629520674073203e+04     -5.8638115512285847e+04    -1.1566447083760111e+04    -6.4127522467332919e+03    3.6924685000049712e+03     3.3172334983694142e+04     -6.3423368144345495e+03    -1.3464960671584849e+05    1.0288778827387172e+04     
6.3814770146517061e+04     -5.9074240588748784e+04    -1.1158941170759133e+04    -6.4815246743721355e+03    3.7517537947202504e+03     3.3304499724690948e+04     -6.1469670919348337e+03    -1.3521030905119170e+05    1.0319893913330598e+04     
6.3997351193515038e+04     -5.9509615754752798e+04    -1.0750015929326317e+04    -6.5500697724600823e+03    3.8101467891921570e+03     3.3436407494985629e+04     -5.9513849387251630e+03    -1.3576929918665631e+05    1.0351187016310885e+04     
6.4177276001034756e+04     -5.9944246022190382e+04    -1.0339694704818041e+04    -6.6183877277864303e+03    3.8676540374729825e+03     3.3568061620578417e+04     -5.7555931459034173e+03    -1.3632658982850093e+05    1.0382657134781290e+04     
6.4354556657180256e+04     -6.0378136450350619e+04    -9.9280005535868895e+03    -6.6864787484677954e+03    3.9242819979645774e+03     3.3699465375097956e+04     -5.5595944333264188e+03    -1.3688219346598067e+05    1.0414303303544884e+04     
6.4529205153828727e+04     -6.0811292143627688e+04    -9.5149562493085614e+03    -6.7543430630439216e+03    3.9800370354202960e+03     3.3830621980886921e+04     -5.3633914519739219e+03    -1.3743612237624056e+05    1.0446124593088800e+04     
6.4701233388269160e+04     -6.1243718249307072e+04    -9.1005842891524026e+03    -6.8219809196103033e+03    4.0349254228928821e+03     3.3961534610058341e+04     -5.1669867862314159e+03    -1.3798838862905535e+05    1.0478120108937706e+04     
6.4870653164828444e+04     -6.1675419955433310e+04    -8.6849068998010371e+03    -6.8893925849866655e+03    4.0889533436303695e+03     3.4092206385528196e+04     -4.9703829560949980e+03    -1.3853900409144402e+05    1.0510288991023810e+04     
6.5037476196495089e+04     -6.2106402488752443e+04    -8.2679460433211152e+03    -6.9565783439196730e+03    4.1421268929213666e+03     3.4222640382020778e+04     -4.7735824193016761e+03    -1.3908798043215284e+05    1.0542630413074712e+04     
6.5201714106531930e+04     -6.2536671112725548e+04    -7.8497234228904008e+03    -7.0235384983180711e+03    4.1944520798917783e+03     3.4352839627046851e+04     -4.5765875733881921e+03    -1.3963532912602526e+05    1.0575143582017719e+04     
6.5363378430085577e+04     -6.2966231125611135e+04    -7.4302604883844733e+03    -7.0902733665188780e+03    4.2459348292543064e+03     3.4482807101859427e+04     -4.3794007576809881e+03    -1.4018106145823852e+05    1.0607827737398948e+04     
6.5522480615783592e+04     -6.3395087858613624e+04    -7.0095784418261046e+03    -7.1567832825834348e+03    4.2965809830123426e+03     3.4612545742385599e+04     -4.1820242552206164e+03    -1.4072518852844011e+05    1.0640682150818831e+04     
6.5679032027323206e+04     -6.3823246674094684e+04    -6.5876982427013509e+03    -7.2230685956219986e+03    4.3463963021195641e+03     3.4742058440134715e+04     -3.9844602946224841e+03    -1.4126772125475720e+05    1.0673706125381537e+04     
6.5833043945051802e+04     -6.4250712963846825e+04    -6.1646406131453687e+03    -7.2891296691452508e+03    4.3953864680969291e+03     3.4871348043081714e+04     -3.7867110518774793e+03    -1.4180867037771305e+05    1.0706898995158715e+04     
6.5984527567539582e+04     -6.4677492147419478e+04    -5.7404260430016921e+03    -7.3549668804423663e+03    4.4435570846080927e+03     3.5000417356533901e+04     -3.5887786520937871e+03    -1.4234804646403459e+05    1.0740260124667226e+04     
6.6133494013134317e+04     -6.5103589670507841e+04    -5.3150747947572963e+03    -7.4205806199834933e+03    4.4909136789949926e+03     3.5129269143970698e+04     -3.3906651711830341e+03    -1.4288585991036048e+05    1.0773788908359636e+04     
6.6279954321518337e+04     -6.5529011003388048e+04    -4.8886069083573566e+03    -7.4859712908463753e+03    4.5374617037742664e+03     3.5257906127867172e+04     -3.1923726374926291e+03    -1.4342212094684519e+05    1.0807484770126957e+04     
6.6423919455239811e+04     -6.5953761639405478e+04    -4.4610422059022721e+03    -7.5511393081656570e+03    4.5832065380962813e+03     3.5386330990494520e+04     -2.9939030333862756e+03    -1.4395683964068195e+05    1.0841347162814633e+04     
6.6565400301243222e+04     -6.6377847093512013e+04    -4.0324002962298860e+03    -7.6160850986040523e+03    4.6281534891674874e+03     3.5514546374701691e+04     -2.7952582967749750e+03    -1.4449002589952271e+05    1.0875375567749204e+04     
6.6704407672388901e+04     -6.6801272900849013e+04    -3.6027005793859039e+03    -7.6808090998446496e+03    4.6723077936377013e+03     3.5642554884679703e+04     -2.5964403226001305e+03    -1.4502168947482499e+05    1.0909569494277135e+04     
6.6840952308949636e+04     -6.7224044615372928e+04    -3.1719622509849460e+03    -7.7453117601029453e+03    4.7156746189529813e+03     3.5770359086703902e+04     -2.3974509642708263e+03    -1.4555183996509094e+05    1.0943928479313834e+04     
6.6975044880109388e+04     -6.7646167808526938e+04    -2.7402043064652621e+03    -7.8095935376583984e+03    4.7582590646750295e+03     3.5897961509863941e+04     -2.1982920350567151e+03    -1.4608048681905269e+05    1.0978452086903884e+04     
6.7106695985438244e+04     -6.8067648067950882e+04    -2.3074455452392367e+03    -7.8736549004040126e+03    4.8000661637688836e+03     3.6025364646770344e+04     -1.9989653094386656e+03    -1.4660763933875583e+05    1.1013139907790539e+04     
6.7235916156365594e+04     -6.8488490996227658e+04    -1.8737045747426816e+03    -7.9374963254139439e+03    4.8411008838589005e+03     3.6152570954247203e+04     -1.7994725244182341e+03    -1.4713330668257523e+05    1.1047991558995822e+04     
6.7362715857629621e+04     -6.8908702209671945e+04    -1.4389998143849725e+03    -8.0011182985275445e+03    4.8813681284546810e+03     3.6279582854007800e+04     -1.5998153807877120e+03    -1.4765749786815516e+05    1.1083006683409625e+04     
6.7487105488724133e+04     -6.9328287337147878e+04    -1.0033494994026232e+03    -8.0645213139500584e+03    4.9208727381475219e+03     3.6406402733315903e+04     -1.3999955443624187e+03    -1.4818022177527545e+05    1.1118184949387532e+04     
6.7609095385323017e+04     -6.9747252018929212e+04    -5.6677168461845201e+02    -8.1277058738684082e+03    4.9596194917782223e+03     3.6533032945626408e+04     -1.2000146471762987e+03    -1.4870148714865572e+05    1.1153526050358136e+04     
6.7728695820701309e+04     -7.0165601905582662e+04    -1.2928424810865704e+02    -8.1906724880822776e+03    4.9976131075773183e+03     3.6659475811216980e+04     -9.9987428864229707e+02    -1.4922130260067570e+05    1.1189029704437646e+04     
6.7845917007134252e+04     -7.0583342656889843e+04    3.0909510522007406e+02     -8.2534216736489470e+03    5.0348582442782699e+03     3.6785733617801459e+04     -7.9957603667873377e+02    -1.4973967661404499e+05    1.1224695654053743e+04     
6.7960769097291384e+04     -7.1000479940793375e+04    7.4834884014127340e+02     -8.3159539545425214e+03    5.0713595022045565e+03     3.6911808621128577e+04     -5.9912142880306828e+02    -1.5025661754440347e+05    1.1260523665576167e+04     
6.8073262185608182e+04     -7.1417019432374815e+04    1.1884595877052202e+03     -8.3782698613250177e+03    5.1071214243314544e+03     3.7037703045567796e+04     -3.9851197319400273e+02    -1.5077213362286185e+05    1.1296513528955606e+04     
6.8183406309654543e+04     -7.1832966812856102e+04    1.6294101419192800e+03     -8.4403699308321338e+03    5.1421484973233155e+03     3.7163419084682064e+04     -1.9774914972317123e+02    -1.5128623295847370e+05    1.1332665057369099e+04     
6.8291211451477255e+04     -7.2248327768632371e+04    2.0711834565101130e+03     -8.5022547058684831e+03    5.1764451525464419e+03     3.7288958901786027e+04     3.1655890425586084e+00     -1.5179892354066446e+05    1.1368978086872554e+04     
6.8396687538943501e+04     -7.2663107990324686e+04    2.5137626417659303e+03     -8.5639247349170546e+03    5.2100157670591934e+03     3.7414324630492658e+04     2.0423081686713473e+02     -1.5231021324159406e+05    1.1405452476060074e+04     
6.8499844447057127e+04     -7.3077313171859350e+04    2.9571309614568413e+03     -8.6253805718571111e+03    5.2428646645791787e+03     3.7539518375244850e+04     4.0544513289872543e+02     -1.5282010981846289e+05    1.1442088105729859e+04     
6.8600691999270042e+04     -7.3490949009566713e+04    3.4012718298317427e+03     -8.6866227756952867e+03    5.2749961164285969e+03     3.7664542211839223e+04     6.0680716074957797e+02     -1.5332862091577452e+05    1.1478884878555409e+04     
6.8699239968774287e+04     -7.3904021201304640e+04    3.8461688086897730e+03     -8.7476519103054889e+03    5.3064143424581898e+03     3.7789398187932435e+04     8.0831554760137919e+02     -1.5383575406754238e+05    1.1515842718763370e+04     
6.8795498079784593e+04     -7.4316535445601898e+04    4.2918056045248695e+03     -8.8084685441785641e+03    5.3371235119503162e+03     3.7914088323541022e+04     1.0099689633353198e+03     -1.5434151669943973e+05    1.1552961571817008e+04     
6.8889476008804602e+04     -7.4728497440820182e+04    4.7381660657417506e+03     -8.8690732501819148e+03    5.3671277445021278e+03     3.8038614611526820e+04     1.2117660996859474e+03     -1.5484591613091165e+05    1.1590241404104461e+04     
6.8981183385881348e+04     -7.5139912884334350e+04    5.1852341799414708e+03     -8.9294666053284545e+03    5.3964311108886550e+03     3.8162979018071746e+04     1.4137056694181017e+03     -1.5534895957724005e+05    1.1627682202633192e+04     
6.9070629795840097e+04     -7.5550787471735966e+04    5.6329940712756434e+03     -8.9896491905535222e+03    5.4250376339072373e+03     3.8287183483143686e+04     1.6157864055261496e+03     -1.5585065415154814e+05    1.1665283974728516e+04     
6.9157824779510964e+04     -7.5961126896043614e+04    6.0814299978671752e+03     -9.0496215905002427e+03    5.4529512892028879e+03     3.8411229920949554e+04     1.8180070604547477e+03     -1.5635100686678031e+05    1.1703046747737708e+04     
6.9242777834941720e+04     -7.6370936846942524e+04    6.5305263492962758e+03     -9.1093843933137523e+03    5.4801760060761417e+03     3.8535120220379671e+04     2.0203664053404525e+03     -1.5685002463763292e+05    1.1740970568737905e+04     
6.9325498418590287e+04     -7.6780223010031506e+04    6.9802676441506937e+03     -9.1689381904421953e+03    5.5067156682727300e+03     3.8658856245443007e+04     2.2228632292735742e+03     -1.5734771428242564e+05    1.1779055504249176e+04     
6.9405995946509720e+04     -7.7188991066084171e+04    7.4306385276381825e+03     -9.2282835764452429e+03    5.5325741147564722e+03     3.8782439835691024e+04     2.4254963385795709e+03     -1.5784408252496147e+05    1.1817301639951338e+04     
6.9484279795518916e+04     -7.7597246690327636e+04    7.8816237692602408e+03     -9.2874211488107976e+03    5.5577551404653486e+03     3.8905872806632564e+04     2.6282645561193108e+03     -1.5833913599632905e+05    1.1855709080404940e+04     
6.9560359304352212e+04     -7.8004995551738277e+04    8.3332082605461310e+03     -9.3463515077769061e+03    5.5822624970512679e+03     3.9029156950140256e+04     2.8311667206078214e+03     -1.5883288123666839e+05    1.1894277948776427e+04     
6.9634243774801187e+04     -7.8412243312342442e+04    8.7853770128446613e+03     -9.4050752561615100e+03    5.6060998936043670e+03     3.9152294034847495e+04     3.0342016859505993e+03     -1.5932532469690198e+05    1.1933008386566187e+04     
6.9705942472842638e+04     -7.8818995626536591e+04    9.2381151551744442e+03     -9.4635929991980665e+03    5.6292709973614519e+03     3.9275285806537016e+04     3.2373683205974216e+03     -1.5981647274043120e+05    1.1971900553340896e+04     
6.9775464629745053e+04     -7.9225258140413862e+04    9.6914079321296158e+03     -9.5219053443772827e+03    5.6517794343996056e+03     3.9398133988520363e+04     3.4406655069126218e+03     -1.6030633164479307e+05    1.2010954626469458e+04     
6.9842819443173299e+04     -7.9631036491107094e+04    1.0145240701840912e+04     -9.5800129012944381e+03    5.6736287903152734e+03     3.9520840282011093e+04     3.6440921405618064e+03     -1.6079490760328883e+05    1.2050170800861111e+04     
6.9908016078266141e+04     -8.0036336306140685e+04    1.0599598933990716e+04     -9.6379162815028922e+03    5.6948226108890822e+03     3.9643406366486517e+04     3.8476471299141385e+03     -1.6128220672657210e+05    1.2089549288707565e+04     
6.9971063668706571e+04     -8.0441163202787910e+04    1.1054468207880247e+04     -9.6956160983724603e+03    5.7153644027367573e+03     3.9765833900045720e+04     4.0513293954599471e+03     -1.6176823504421028e+05    1.2129090319227558e+04     
7.0031971317779564e+04     -8.0845522787449474e+04    1.1509834210549492e+04     -9.7531129669533420e+03    5.7352576339463913e+03     3.9888124519755431e+04     4.2551378692432982e+03     -1.6225299850620897e+05    1.2168794138414707e+04     
7.0090748099408360e+04     -8.1249420655032154e+04    1.1965682734947082e+04     -9.8104075038447500e+03    5.7545057347027796e+03     4.0010279841993404e+04     4.4590714943087305e+03     -1.6273650298451353e+05    1.2208661008787070e+04     
7.0147403059182383e+04     -8.1652862388338341e+04    1.2421999678149958e+04     -9.8675003270683410e+03    5.7731120978985582e+03     4.0132301462779418e+04     4.6631292241623032e+03     -1.6321875427447504e+05    1.2248691209140719e+04     
7.0201945215369211e+04     -8.2055853557464550e+04    1.2878771039632049e+04     -9.9243920559469607e+03    5.7910800797333304e+03     4.0254190958103653e+04     4.8673100222458679e+03     -1.6369975809628615e+05    1.2288885034304449e+04     
7.0254383559914626e+04     -8.2458399719212757e+04    1.3335982919579981e+04     -9.9810833109867872e+03    5.8084130003001101e+03     4.0375949884244452e+04     5.0716128614250565e+03     -1.6417952009639243e+05    1.2329242794896985e+04     
7.0304727059421872e+04     -8.2860506416500939e+04    1.3793621517255708e+04     -1.0037574713764398e+04    5.8251141441600330e+03     4.0497579778083018e+04     5.2760367234899450e+03     -1.6465804584887548e+05    1.2369764817087276e+04     
7.0352984656122964e+04     -8.3262179177793412e+04    1.4251673129405312e+04     -1.0093866886817548e+04    5.8411867609054025e+03     4.0619082157409364e+04     5.4805805986678770e+03     -1.6513534085680568e+05    1.2410451442355417e+04     
7.0399165268832687e+04     -8.3663423516523137e+04    1.4710124148712421e+04     -1.0149960453540671e+04    5.8566340657115206e+03     4.0740458521220367e+04     5.6852434851492462e+03     -1.6561141055357509e+05    1.2451303027257003e+04     
7.0443277793888396e+04     -8.4064244930535991e+04    1.5168961062295415e+04     -1.0205856038083113e+04    5.8714592398773120e+03     4.0861710350015346e+04     5.8900243886245889e+03     -1.6608626030419741e+05    1.2492319943187800e+04     
7.0485331106077705e+04     -8.4464648901529406e+04    1.5628170450248155e+04     -1.0261554265251874e+04    5.8856654313552508e+03     4.0982839106081403e+04     6.0949223218334773e+03     -1.6655989540658952e+05    1.2533502576151988e+04     
7.0525334059549758e+04     -8.4864640894509255e+04    1.6087738984222782e+04     -1.0317055760417412e+04    5.8992557552707858e+03     4.1103846233777738e+04     6.2999363041247007e+03     -1.6703232109282791e+05    1.2574851326530021e+04     
7.0563295488709933e+04     -8.5264226357241962e+04    1.6547653426053810e+04     -1.0372361149423110e+04    5.9122332944314176e+03     4.1224733159809810e+04     6.5050653610274439e+03     -1.6750354253037262e+05    1.2616366608849617e+04     
7.0599224209105640e+04     -8.5663410719718187e+04    1.7007900626423416e+04     -1.0427471058497749e+04    5.9246010998257570e+03     4.1345501293498906e+04     6.7103085238332360e+03     -1.6797356482328477e+05    1.2658048851557789e+04     
7.0633129018294421e+04     -8.6062199393625575e+04    1.7468467523566294e+04     -1.0482386114171470e+04    5.9363621911127748e+03     4.1466152027047996e+04     6.9156648291882793e+03     -1.6844239301340285e+05    1.2699898496793645e+04     
7.0665018696694096e+04     -8.6460597771819143e+04    1.7929341142013483e+04     -1.0537106943194103e+04    5.9475195571017057e+03     4.1586686735798845e+04     7.1211333186962866e+03     -1.6891003208151352e+05    1.2741916000163244e+04     
7.0694902008426347e+04     -8.6858611227802787e+04    1.8390508591373855e+04     -1.0591634172457376e+04    5.9580761562222769e+03     4.1707106778488735e+04     7.3267130385310584e+03     -1.6937648694849206e+05    1.2784101830515610e+04     
7.0722787702143018e+04     -8.7256245115214144e+04    1.8851957065155682e+04     -1.0645968428919014e+04    5.9680349169860010e+03     4.1827413497497568e+04     7.5324030390587895e+03     -1.6984176247641951e+05    1.2826456469718936e+04     
7.0748684511829604e+04     -8.7653504767314123e+04    1.9313673839622217e+04     -1.0700110339530034e+04    5.9773987384387510e+03     4.1947608219090689e+04     7.7382023744702083e+03     -1.7030586346969238e+05    1.2868980412439314e+04     
7.0772601157607642e+04     -8.8050395496482888e+04    1.9775646272684644e+04     -1.0754060531164258e+04    5.9861704906042069e+03     4.2067692253660032e+04     7.9441101024218660e+03     -1.7076879467609469e+05    1.2911674165919718e+04     
7.0794546346514820e+04     -8.8446922593718104e+04    2.0237861802831536e+04     -1.0807819630551148e+04    5.9943530149193539e+03     4.2187666895955852e+04     8.1501252836865360e+03     -1.7123056078786674e+05    1.2954538249759138e+04     
7.0814528773269165e+04     -8.8843091328140625e+04    2.0700307948090962e+04     -1.0861388264209645e+04    6.0019491246611979e+03     4.2307533425317801e+04     8.3562469818125955e+03     -1.7169116644274542e+05    1.2997573195693882e+04     
7.0832557121025689e+04     -8.9238906946503921e+04    2.1162972305028496e+04     -1.0914767058385683e+04    6.0089616053656237e+03     4.2427293105899560e+04     8.5624742627925079e+03     -1.7215061622498857e+05    1.3040779547379399e+04     
7.0848640062110615e+04     -8.9634374672705657e+04    2.1625842547778135e+04     -1.0967956638991252e+04    6.0153932152381440e+03     4.2546947186888603e+04     8.7688061947391561e+03     -1.7260891466637800e+05    1.3084157860172052e+04     
7.0862786258746084e+04     -9.0029499707304523e+04    2.2088906427106049e+04     -1.1020957631545665e+04    6.0212466855575140e+03     4.2666496902722094e+04     8.9752418475712020e+03     -1.7306606624721547e+05    1.3127708700912417e+04     
7.0875004363758271e+04     -9.0424287227046385e+04    2.2552151769506214e+04     -1.1073770661119050e+04    6.0265247210707166e+03     4.2785943473300089e+04     9.1817802927063367e+03     -1.7352207539728904e+05    1.3171432647708703e+04     
7.0885303021271844e+04     -9.0818742384385885e+04    2.3015566476327607e+04     -1.1126396352277432e+04    6.0312300003816335e+03     4.2905288104191641e+04     9.3884206027629807e+03     -1.7397694649682683e+05    1.3215330289721262e+04     
7.0893690867389247e+04     -9.1212870307019693e+04    2.3479138522934241e+04     -1.1178835329030229e+04    6.0353651763317030e+03     4.3024531986839371e+04     9.5951618512691912e+03     -1.7443068387743877e+05    1.3259402226946895e+04     
7.0900176530852987e+04     -9.1606676097417352e+04    2.3942855957892516e+04     -1.1231088214779498e+04    6.0389328763740332e+03     4.3143676298759099e+04     9.8020031123808076e+03     -1.7488329182303415e+05    1.3303649070004392e+04     
7.0904768633701082e+04     -9.2000164832361494e+04    2.4406706902190232e+04     -1.1283155632270829e+04    6.0419357029402818e+03     4.3262722203735524e+04     1.0008943460605122e+04     -1.7533477457072781e+05    1.3348071439920021e+04     
7.0907475791894714e+04     -9.2393341562490852e+04    2.4870679548485183e+04     -1.1335038203545382e+04    6.0443762338007864e+03     4.3381670852014431e+04     1.0215981970533734e+04     -1.7578513631173660e+05    1.3392669967913742e+04     
7.0908306615944530e+04     -9.2786211311843581e+04    2.5334762160380669e+04     -1.1386736549894786e+04    6.0462570224183692e+03     4.3500523380490391e+04     1.0423117716582219e+04     -1.7623438119224872e+05    1.3437445295185309e+04     
7.0907269711514207e+04     -9.3178779077409054e+04    2.5798943071730730e+04     -1.1438251291816807e+04    6.0475805982953361e+03     4.3619280912893453e+04     1.0630349772736952e+04     -1.7668251331428267e+05    1.3482398072701388e+04     
7.0904373680013217e+04     -9.3571049828680494e+04    2.6263210685972521e+04     -1.1489583048972781e+04    6.0483494673143769e+03     4.3737944559967858e+04     1.0837677212309442e+04     -1.7712953673653834e+05    1.3527528960982432e+04     
7.0899627119169440e+04     -9.3963028507212788e+04    2.6727553475484809e+04     -1.1540732440145981e+04    6.0485661120731966e+03     4.3856515419652766e+04     1.1045099107697099e+04     -1.7757545547522375e+05    1.3572838629890166e+04     
7.0893038623593573e+04     -9.4354720026185183e+04    2.7191959980974047e+04     -1.1591700083202108e+04    6.0482329922131094e+03     4.3974994577254001e+04     1.1252614530150859e+04     -1.7802027350487799e+05    1.3618327758414685e+04     
7.0884616785324484e+04     -9.4746129269964920e+04    2.7656418810885272e+04     -1.1642486595051381e+04    6.0473525447417533e+03     4.4093383105616886e+04     1.1460222549550721e+04     -1.7846399475917235e+05    1.3663997034462804e+04     
7.0874370194363131e+04     -9.5137261093677851e+04    2.8120918640839467e+04     -1.1693092591610566e+04    6.0459271843496772e+03     4.4211682065294655e+04     1.1667922234186502e+04     -1.7890662313169736e+05    1.3709847154645682e+04     
7.0862307439187105e+04     -9.5528120322780509e+04    2.8585448213094824e+04     -1.1743518687767963e+04    6.0439593037218401e+03     4.4329892504712523e+04     1.1875712650545989e+04     -1.7934816247674462e+05    1.3755878824067066e+04     
7.0848437107252685e+04     -9.5918711752637901e+04    2.9049996336032913e+04     -1.1793765497348126e+04    6.0414512738431376e+03     4.4448015460330076e+04     1.2083592863109665e+04     -1.7978861661007482e+05    1.3802092756111522e+04     
7.0832767785485761e+04     -9.6309040148101994e+04    2.9514551883668973e+04     -1.1843833633078797e+04    6.0384054442985926e+03     4.4566051956799129e+04     1.2291561934151137e+04     -1.8022798930966071e+05    1.3848489672233054e+04     
7.0815308060751864e+04     -9.6699110243101139e+04    2.9979103795184325e+04     -1.1893723706558812e+04    6.0348241435682276e+03     4.4684003007121297e+04     1.2499618923544771e+04     -1.8066628431642792e+05    1.3895070301743159e+04     
7.0796066520311040e+04     -9.7088926740227122e+04    3.0443641074483334e+04     -1.1943436328225946e+04    6.0307096793167557e+03     4.4801869612800416e+04     1.2707762888578394e+04     -1.8110350533499077e+05    1.3941835381599905e+04     
7.0775051752265412e+04     -9.7478494310327209e+04    3.0908152789771219e+04     -1.1992972107327709e+04    6.0260643386780112e+03     4.4919652763993414e+04     1.2915992883773488e+04     -1.8153965603435843e+05    1.3988785656196749e+04     
7.0752272345985606e+04     -9.7867817592101346e+04    3.1372628073154330e+04     -1.2042331651892013e+04    6.0208903885348009e+03     4.5037353439656923e+04     1.3124307960710345e+04     -1.8197474004864282e+05    1.4035921877151030e+04     
7.0727736892526154e+04     -9.8256901191706158e+04    3.1837056120262288e+04     -1.2091515568698333e+04    6.0151900757933154e+03     4.5154972607692463e+04     1.3332707167859508e+04     -1.8240876097774843e+05    1.4083244803093106e+04     
7.0701453985017622e+04     -9.8645749682358088e+04    3.2301426189890142e+04     -1.2140524463251289e+04    6.0089656276531205e+03     4.5272511225089627e+04     1.3541189550419400e+04     -1.8284172238805192e+05    1.4130755199455272e+04     
7.0673432219056864e+04     -9.9034367603944265e+04    3.2765727603661679e+04     -1.2189358939753791e+04    6.0022192518723114e+03     4.5389970238066096e+04     1.3749754150159315e+04     -1.8327362781307491e+05    1.4178453838260992e+04     
7.0643680193071865e+04     -9.9422759462638292e+04    3.3229949745712569e+04     -1.2238019601081494e+04    5.9949531370282493e+03     4.5507350582203238e+04     1.3958400005268488e+04     -1.8370448075413977e+05    1.4226341497913705e+04     
7.0612206508678573e+04     -9.9810929730517004e+04    3.3694082062391601e+04     -1.2286507048758562e+04    5.9871694527733225e+03     4.5624653182583141e+04     1.4167126150210523e+04     -1.8413428468101961e+05    1.4274418962986600e+04     
7.0579019771015053e+04     -1.0019888284518315e+05    3.4158114061984517e+04     -1.2334821882933162e+04    5.9788703500869196e+03     4.5741878953920059e+04     1.4375931615583700e+04     -1.8456304303256914e+05    1.4322687024011553e+04     
7.0544128589071392e+04     -1.0058662320939708e+05    3.4622035314453380e+04     -1.2382964702355270e+04    5.9700579615225679e+03     4.5859028800691041e+04     1.4584815427986778e+04     -1.8499075921736041e+05    1.4371146477268743e+04     
7.0507541575997791e+04     -1.0097415519070689e+05    3.5085835451193139e+04     -1.2430936104353363e+04    5.9607344014513383e+03     4.5976103617263405e+04     1.4793776609889836e+04     -1.8541743661428962e+05    1.4419798124575960e+04     
7.0469267349396760e+04     -1.0136148312108521e+05    3.5549504164810496e+04     -1.2478736684813772e+04    5.9509017663004024e+03     4.6093104288022019e+04     1.5002814179511404e+04     -1.8584307857318982e+05    1.4468642773078263e+04     
7.0429314531607772e+04     -1.0174861129657342e+05    3.6013031208914726e+04     -1.2526367038158936e+04    5.9405621347882179e+03     4.6210031687490176e+04     1.5211927150699978e+04     -1.8626768841542533e+05    1.4517681235037735e+04     
7.0387691749967664e+04     -1.0213554397692793e+05    3.6476406397930332e+04     -1.2573827757327928e+04    5.9297175681552480e+03     4.6326886680454132e+04     1.5421114532821433e+04     -1.8669126943447394e+05    1.4566914327623812e+04     
7.0344407637065669e+04     -1.0252228538527281e+05    3.6939619606920503e+04     -1.2621119433756176e+04    5.9183701103911008e+03     4.6443670122079668e+04     1.5630375330651274e+04     -1.8711382489650926e+05    1.4616342872702508e+04     
7.0299470830976148e+04     -1.0290883970775716e+05    3.7402660771432355e+04     -1.2668242657357034e+04    5.9065217884575404e+03     4.6560382858032048e+04     1.5839708544272526e+04     -1.8753535804096411e+05    1.4665967696627127e+04     
7.0252889975485901e+04     -1.0329521109321690e+05    3.7865519887353381e+04     -1.2715198016503162e+04    5.8941746125079226e+03     4.6677025724590290e+04     1.6049113168978000e+04     -1.8795587208108974e+05    1.4715789630028294e+04     
7.0204673720292063e+04     -1.0368140365284464e+05    3.8328187010784655e+04     -1.2761986098008685e+04    5.8813305761029897e+03     4.6793599548760059e+04     1.6258588195178425e+04     -1.8837537020450440e+05    1.4765809507604550e+04     
7.0154830721205115e+04     -1.0406742145985996e+05    3.8790652257928261e+04     -1.2808607487112362e+04    5.8679916564226660e+03     4.6910105148385388e+04     1.6468132608315176e+04     -1.8879385557372891e+05    1.4816028167913553e+04     
7.0103369640319157e+04     -1.0445326854919341e+05    3.9252905804990485e+04     -1.2855062767460358e+04    5.8541598144749305e+03     4.7026543332260051e+04     1.6677745388777563e+04     -1.8921133132672147e+05    1.4866446453162484e+04     
7.0050299146179532e+04     -1.0483894891716485e+05    3.9714937888095803e+04     -1.2901352521090714e+04    5.8398369953007896e+03     4.7142914900234005e+04     1.6887425511825833e+04     -1.8962780057739635e+05    1.4917065208999502e+04     
