10000    -7.2909905440834804e-16    1.5566861693761411e-12    1.5559570703217327e-12
20000    -7.2752435507114090e-16    1.5566845947168819e-12    1.5559570703618108e-12
30000    -7.2682585535683292e-16    1.5566838962654601e-12    1.5559570704101033e-12
40000    -7.2721602508443695e-16    1.5566842864966512e-12    1.5559570704715667e-12
50000    -7.2901672358647324e-16    1.5566860872759208e-12    1.5559570705523344e-12
60000    -7.3269356873243900e-16    1.5566897642296183e-12    1.5559570706608859e-12
70000    -7.3892176119844682e-16    1.5566959925713683e-12    1.5559570708101699e-12
80000    -7.4871091881248086e-16    1.5567057819404122e-12    1.5559570710215998e-12
90000    -7.6364723799922727e-16    1.5567207185713830e-12    1.5559570713333837e-12
100000    -7.8638864369004785e-16    1.5567434604627554e-12    1.5559570718190653e-12
110000    -8.2176293408092254e-16    1.5567788355681392e-12    1.5559570726340582e-12
120000    -8.7948838894536585e-16    1.5568365625369284e-12    1.5559570741479831e-12
130000    -9.8192265984083479e-16    1.5569390000390734e-12    1.5559570773792327e-12
140000    -1.1889847194356449e-15    1.5571460701568184e-12    1.5559570854373826e-12
150000    -1.6280058425753076e-15    1.5575851024890626e-12    1.5559570966464873e-12
160000    -1.6536442919308570e-15    1.5576106886836620e-12    1.5559570443917311e-12
170000    -1.1868893048565056e-15    1.5571439431682814e-12    1.5559570538634249e-12
180000    -9.5465830509056924e-16    1.5569117207156292e-12    1.5559570624105386e-12
190000    -8.3323185489010280e-16    1.5567902976676985e-12    1.5559570658128084e-12
200000    -7.5862090723223351e-16    1.5567156882941479e-12    1.5559570673869157e-12
210000    -7.0712842155960385e-16    1.5566641966461786e-12    1.5559570682246190e-12
220000    -6.6855978874141660e-16    1.5566256285075876e-12    1.5559570687188461e-12
230000    -6.3790496678654884e-16    1.5565949740006475e-12    1.5559570690338610e-12
240000    -6.1244418314496231e-16    1.5565695134303379e-12    1.5559570692471930e-12
250000    -5.9058680563955762e-16    1.5565476562046912e-12    1.5559570693990517e-12
260000    -5.7134785181638339e-16    1.5565284173636519e-12    1.5559570695118355e-12
270000    -5.5408907212371193e-16    1.5565111586708816e-12    1.5559570695987579e-12
280000    -5.3838108202137017e-16    1.5564954507499958e-12    1.5559570696679745e-12
290000    -5.2392547796719305e-16    1.5564809952026514e-12    1.5559570697246842e-12
300000    -5.1050870116213699e-16    1.5564675784734798e-12    1.5559570697723176e-12
310000    -4.9797364794874976e-16    1.5564550434611255e-12    1.5559570698131768e-12
320000    -4.8620165896984369e-16    1.5564432715078218e-12    1.5559570698488520e-12
330000    -4.7510080741474151e-16    1.5564321706878603e-12    1.5559570698804456e-12
340000    -4.6459812724677983e-16    1.5564216680360326e-12    1.5559570699087858e-12
350000    -4.5463436646331879e-16    1.5564117043008965e-12    1.5559570699344333e-12
360000    -4.4516039062078309e-16    1.5564022303484486e-12    1.5559570699578278e-12
370000    -4.3613468227487053e-16    1.5563932046615844e-12    1.5559570699793096e-12
380000    -4.2752157796029398e-16    1.5563845915770885e-12    1.5559570699991282e-12
390000    -4.1929000728481482e-16    1.5563763600247757e-12    1.5559570700174908e-12
400000    -4.1141257746575421e-16    1.5563684826120303e-12    1.5559570700345645e-12
410000    -4.0386489792856523e-16    1.5563609349484119e-12    1.5559570700504833e-12
420000    -3.9662507344224766e-16    1.5563536951388076e-12    1.5559570700653653e-12
430000    -3.8967331685255915e-16    1.5563467433961614e-12    1.5559570700793088e-12
440000    -3.8299164767501642e-16    1.5563400617400658e-12    1.5559570700923908e-12
450000    -3.7656365311546546e-16    1.5563336337578046e-12    1.5559570701046891e-12
460000    -3.7037429511832032e-16    1.5563274444113907e-12    1.5559570701162724e-12
470000    -3.6440975186867416e-16    1.5563214798790469e-12    1.5559570701271783e-12
480000    -3.5865728550610061e-16    1.5563157274229860e-12    1.5559570701374799e-12
490000    -3.5310513012047520e-16    1.5563101752773359e-12    1.5559570701472154e-12
500000    -3.4774239571521775e-16    1.5563048125521391e-12    1.5559570701564238e-12
510000    -3.4255898495865479e-16    1.5562996291501129e-12    1.5559570701651543e-12
520000    -3.3754552034816992e-16    1.5562946156937717e-12    1.5559570701734234e-12
530000    -3.3269327998569543e-16    1.5562897634612647e-12    1.5559570701812790e-12
540000    -3.2799414057657018e-16    1.5562850643293107e-12    1.5559570701887342e-12
550000    -3.2344052656500196e-16    1.5562805107223971e-12    1.5559570701958322e-12
560000    -3.1902536454098972e-16    1.5562760955671218e-12    1.5559570702025807e-12
570000    -3.1474204221915974e-16    1.5562718122512333e-12    1.5559570702090142e-12
580000    -3.1058437141514464e-16    1.5562676545865627e-12    1.5559570702151476e-12
590000    -3.0654655454124701e-16    1.5562636167755412e-12    1.5559570702210001e-12
600000    -3.0262315421817322e-16    1.5562596933808067e-12    1.5559570702265886e-12
610000    -2.9880906565896045e-16    1.5562558792975964e-12    1.5559570702319374e-12
620000    -2.9509949152901310e-16    1.5562521697285747e-12    1.5559570702370457e-12
630000    -2.9148991902513722e-16    1.5562485601609563e-12    1.5559570702419312e-12
640000    -2.8797609894871831e-16    1.5562450463455677e-12    1.5559570702466190e-12
650000    -2.8455402657523544e-16    1.5562416242776821e-12    1.5559570702511069e-12
660000    -2.8121992414520470e-16    1.5562382901795640e-12    1.5559570702554187e-12
670000    -2.7797022482123856e-16    1.5562350404843675e-12    1.5559570702595463e-12
680000    -2.7480155797284995e-16    1.5562318718214921e-12    1.5559570702635193e-12
690000    -2.7171073566539184e-16    1.5562287810030012e-12    1.5559570702673359e-12
700000    -2.6869474024226852e-16    1.5562257650112395e-12    1.5559570702709972e-12
710000    -2.6575071290106719e-16    1.5562228209874321e-12    1.5559570702745311e-12
720000    -2.6287594317410934e-16    1.5562199462210966e-12    1.5559570702779224e-12
730000    -2.6006785923287122e-16    1.5562171381404258e-12    1.5559570702811930e-12
740000    -2.5732401894363668e-16    1.5562143943032893e-12    1.5559570702843456e-12
750000    -2.5464210160868036e-16    1.5562117123889967e-12    1.5559570702873880e-12
760000    -2.5201990033368749e-16    1.5562090901906535e-12    1.5559570702903198e-12
770000    -2.4945531496769311e-16    1.5562065256081168e-12    1.5559570702931491e-12
780000    -2.4694634556682547e-16    1.5562040166414432e-12    1.5559570702958763e-12
790000    -2.4449108633779791e-16    1.5562015613848594e-12    1.5559570702985216e-12
800000    -2.4208772002102647e-16    1.5561991580210925e-12    1.5559570703010716e-12
810000    -2.3973451267703570e-16    1.5561968048162205e-12    1.5559570703035434e-12
820000    -2.3742980884305421e-16    1.5561945001147721e-12    1.5559570703059290e-12
830000    -2.3517202702970599e-16    1.5561922423352614e-12    1.5559570703082317e-12
840000    -2.3295965553044472e-16    1.5561900299659971e-12    1.5559570703104666e-12
850000    -2.3079124851868959e-16    1.5561878615611533e-12    1.5559570703126345e-12
860000    -2.2866542240996239e-16    1.5561857357371430e-12    1.5559570703147330e-12
870000    -2.2658085246822500e-16    1.5561836511692400e-12    1.5559570703167719e-12
880000    -2.2453626963745277e-16    1.5561816065883751e-12    1.5559570703187376e-12
890000    -2.2253045758110516e-16    1.5561796007782337e-12    1.5559570703206525e-12
900000    -2.2056224991365461e-16    1.5561776325724144e-12    1.5559570703225007e-12
910000    -2.1863052760963403e-16    1.5561757008519095e-12    1.5559570703242999e-12
920000    -2.1673421657695344e-16    1.5561738045426239e-12    1.5559570703260469e-12
930000    -2.1487228538227380e-16    1.5561719426131256e-12    1.5559570703277433e-12
940000    -2.1304374311733528e-16    1.5561701140725128e-12    1.5559570703293954e-12
950000    -2.1124763739584804e-16    1.5561683179683948e-12    1.5559570703309989e-12
960000    -2.0948305247172917e-16    1.5561665533850224e-12    1.5559570703325507e-12
970000    -2.0774910746987373e-16    1.5561648194415352e-12    1.5559570703340653e-12
980000    -2.0604495472158911e-16    1.5561631152902580e-12    1.5559570703355365e-12
990000    -2.0436977819734133e-16    1.5561614401151777e-12    1.5559570703369804e-12
1000000    -2.0272279203006862e-16    1.5561597931304019e-12    1.5559570703383719e-12
1010000    -2.0110323912287928e-16    1.5561581735788438e-12    1.5559570703397209e-12
1020000    -1.9951038983536119e-16    1.5561565807308779e-12    1.5559570703410424e-12
1030000    -1.9794354074324440e-16    1.5561550138830721e-12    1.5559570703423288e-12
1040000    -1.9640201346652082e-16    1.5561534723570372e-12    1.5559570703435706e-12
1050000    -1.9488515356152514e-16    1.5561519554983512e-12    1.5559570703447898e-12
1060000    -1.9339232947278281e-16    1.5561504626754508e-12    1.5559570703459780e-12
1070000    -1.9192293154078055e-16    1.5561489932786757e-12    1.5559570703471350e-12
1080000    -1.9047637106207761e-16    1.5561475467193136e-12    1.5559570703482516e-12
1090000    -1.8905207939845385e-16    1.5561461224287424e-12    1.5559570703493439e-12
1100000    -1.8764950713201692e-16    1.5561447198575471e-12    1.5559570703504150e-12
1110000    -1.8626812326342397e-16    1.5561433384747198e-12    1.5559570703514565e-12
1120000    -1.8490741445057517e-16    1.5561419777669294e-12    1.5559570703524790e-12
1130000    -1.8356688428531626e-16    1.5561406372377612e-12    1.5559570703534758e-12
1140000    -1.8224605260588140e-16    1.5561393164070556e-12    1.5559570703544498e-12
1150000    -1.8094445484293338e-16    1.5561380148102437e-12    1.5559570703554007e-12
1160000    -1.7966164139724145e-16    1.5561367319977252e-12    1.5559570703563279e-12
1170000    -1.7839717704715175e-16    1.5561354675342815e-12    1.5559570703572342e-12
1180000    -1.7715064038413149e-16    1.5561342209985012e-12    1.5559570703581172e-12
1190000    -1.7592162327478221e-16    1.5561329919822600e-12    1.5559570703589851e-12
1200000    -1.7470973034785821e-16    1.5561317800901811e-12    1.5559570703598333e-12
1210000    -1.7351457850485511e-16    1.5561305849391624e-12    1.5559570703606575e-12
1220000    -1.7233579645289963e-16    1.5561294061579186e-12    1.5559570703614657e-12
1230000    -1.7117302425870869e-16    1.5561282433865165e-12    1.5559570703622577e-12
1240000    -1.7002591292248478e-16    1.5561270962759575e-12    1.5559570703630350e-12
1250000    -1.6889412397067878e-16    1.5561259644877635e-12    1.5559570703637929e-12
1260000    -1.6777732906662705e-16    1.5561248476936018e-12    1.5559570703645351e-12
1270000    -1.6667520963812362e-16    1.5561237455748963e-12    1.5559570703652583e-12
1280000    -1.6558745652105138e-16    1.5561226578224850e-12    1.5559570703659641e-12
1290000    -1.6451376961824854e-16    1.5561215841362835e-12    1.5559570703666652e-12
1300000    -1.6345385757284605e-16    1.5561205242249176e-12    1.5559570703673448e-12
1310000    -1.6240743745533243e-16    1.5561194778054690e-12    1.5559570703680136e-12
