0    0    0    805.523    -902.155    574.118    -290.892    -647.02    -125.065    -29.0729    -220.51    179.069    72.9336    202.217    675.019    
-0.0799786    -0.418359    0.352446    798.776    -892.333    572.744    -297.271    -641.954    -123.889    -36.002    -212.735    174.447    74.9701    211.777    671.155    
-0.342579    -1.6912    1.42876    791.917    -882.426    571.324    -303.528    -636.675    -122.565    -43.0045    -204.946    169.739    76.9584    221.178    667.105    
-0.829964    -3.86396    3.27356    784.944    -872.434    569.857    -309.661    -631.182    -121.094    -50.0734    -197.143    164.937    78.8963    230.422    662.872    
-1.59458    -6.99255    5.94088    777.857    -862.357    568.343    -315.67    -625.472    -119.477    -57.2009    -189.32    160.036    80.7815    239.508    658.458    
-2.70329    -11.1463    9.49707    770.657    -852.195    566.781    -321.554    -619.542    -117.717    -64.3771    -181.474    155.025    82.6119    248.438    653.865    
-4.24372    -16.4121    14.0247    763.343    -841.947    565.17    -327.31    -613.389    -115.814    -71.5895    -173.596    149.894    84.3853    257.212    649.094    
-6.33452    -22.9005    19.6287    755.913    -831.613    563.512    -332.938    -607.01    -113.771    -78.8217    -165.676    144.628    86.0994    265.831    644.147    
-9.14269    -30.7547    26.4453    748.368    -821.193    561.804    -338.436    -600.401    -111.588    -86.0508    -157.7    139.209    87.7521    274.294    639.027    
-12.9149    -40.1645    34.6567    740.707    -810.685    560.047    -343.802    -593.558    -109.266    -93.2436    -149.648    133.611    89.3412    282.602    633.734    
-18.0389    -51.3888    44.5155    732.929    -800.09    558.24    -349.033    -586.477    -106.808    -100.348    -141.49    127.8    90.8646    290.756    628.271    
-25.1774    -64.7893    56.3861    725.034    -789.406    556.382    -354.128    -579.154    -104.213    -107.274    -133.183    121.726    92.3201    298.755    622.64    
-35.606    -80.8754    70.815    717.021    -778.634    554.473    -359.084    -571.583    -101.484    -113.85    -124.664    115.316    93.7056    306.6    616.841    
-52.26    -100.248    88.5874    708.889    -767.772    552.512    -363.898    -563.759    -98.6217    -119.68    -115.859    108.461    95.0189    314.291    610.878    
-83.7468    -121.844    109.658    700.636    -756.819    550.499    -368.568    -555.676    -95.6265    -123.598    -106.919    101.168    96.2578    321.827    604.751    
-142.655    -126.038    118.795    692.263    -745.776    548.433    -373.089    -547.329    -92.4995    -123.902    -100.511    95.5001    97.4202    329.208    598.463    
-191.221    -102.858    103.764    683.768    -734.642    546.313    -377.458    -538.711    -89.2406    -125.709    -97.9938    93.112    98.504    336.436    592.015    
-222.814    -76.7754    84.3849    675.15    -723.415    544.139    -381.671    -529.814    -85.8501    -129.922    -96.0621    91.3168    99.5071    343.509    585.41    
-246.086    -52.4005    65.3901    666.407    -712.094    541.909    -385.726    -520.631    -82.3284    -135.37    -94.1005    89.4714    100.428    350.428    578.649    
-264.606    -30.005    47.372    657.539    -700.68    539.623    -389.617    -511.154    -78.676    -141.573    -92.0821    87.4938    101.264    357.192    571.736    
-280.016    -9.42022    30.3625    648.545    -689.17    537.281    -393.34    -501.374    -74.8928    -148.313    -90.0409    85.3777    102.014    363.803    564.671    
-293.197    9.54338    14.3011    639.422    -677.564    534.88    -396.889    -491.281    -70.9788    -155.476    -88.0144    83.1287    102.676    370.258    557.457    
-304.684    27.0431    -0.880828    630.169    -665.861    532.421    -400.258    -480.866    -66.9333    -162.995    -86.0373    80.7531    103.248    376.56    550.097    
-314.822    43.2031    -15.2429    620.785    -654.06    529.901    -403.438    -470.115    -62.7556    -170.83    -84.1416    78.2556    103.728    382.706    542.593    
-323.854    58.121    -28.834    611.267    -642.159    527.321    -406.422    -459.016    -58.4442    -178.958    -82.3578    75.6389    104.115    388.698    534.946    
-331.952    71.8736    -41.6929    601.615    -630.157    524.679    -409.199    -447.552    -53.9977    -187.366    -80.7158    72.904    104.405    394.535    527.159    
-339.247    84.5217    -53.8502    591.826    -618.054    521.974    -411.759    -435.705    -49.414    -196.047    -79.2465    70.0502    104.598    400.216    519.234    
-345.843    96.1133    -65.3296    581.898    -605.847    519.204    -414.088    -423.454    -44.6906    -205.002    -77.9829    67.0753    104.691    405.741    511.173    
-351.819    106.686    -76.1492    571.83    -593.536    516.368    -416.172    -410.775    -39.8246    -214.237    -76.9606    63.9758    104.683    411.111    502.979    
-357.242    116.269    -86.3223    561.618    -581.119    513.466    -417.993    -397.639    -34.8128    -223.762    -76.2201    60.747    104.571    416.324    494.653    
-362.167    124.885    -95.8582    551.262    -568.595    510.495    -419.531    -384.011    -29.6512    -233.595    -75.8078    57.383    104.354    421.38    486.199    
-366.641    132.549    -104.763    540.757    -555.962    507.454    -420.759    -369.849    -24.3354    -243.757    -75.7783    53.8768    104.029    426.279    477.617    
-370.705    139.271    -113.038    530.103    -543.218    504.341    -421.649    -355.101    -18.8606    -254.281    -76.1977    50.2201    103.594    431.02    468.911    
-374.396    145.055    -120.685    519.295    -530.362    501.155    -422.161    -339.703    -13.2213    -265.207    -77.148    46.404    103.048    435.603    460.083    
-377.748    149.903    -127.701    508.332    -517.391    497.894    -422.248    -323.571    -7.41187    -276.588    -78.7339    42.4184    102.389    440.028    451.134    
-380.791    153.808    -134.079    497.211    -504.305    494.557    -421.844    -306.595    -1.42684    -288.5    -81.0937    38.2536    101.614    444.292    442.068    
-383.556    156.763    -139.813    485.927    -491.101    491.14    -420.864    -288.622    4.73775    -301.047    -84.4187    33.9011    100.721    448.397    432.885    
-386.073    158.753    -144.893    474.478    -477.777    487.643    -419.179    -269.428    11.0809    -314.382    -88.9884    29.3587    99.7083    452.341    423.59    
-388.372    159.761    -149.306    462.861    -464.33    484.062    -416.592    -248.66    17.5871    -328.747    -95.246    24.642    98.5734    456.123    414.183    
-390.484    159.767    -153.039    451.072    -450.759    480.396    -412.756    -225.687    24.193    -344.577    -103.985    19.827    97.3138    459.742    404.667    
-392.443    158.749    -156.076    439.107    -437.061    476.642    -406.919    -199.11    30.6294    -362.811    -116.968    15.249    95.9272    463.196    395.044    
-394.281    156.683    -158.396    426.962    -423.233    472.798    -396.39    -163.518    34.5098    -386.841    -141.021    13.9172    94.4105    466.484    385.316    
-396.029    153.552    -159.97    414.632    -409.271    468.861    -404.654    -151.024    1.51183    -386.999    -135.586    59.1706    92.7603    469.604    375.486    
-397.703    149.334    -160.752    402.115    -395.173    464.828    -420.55    -157.079    -12.814    -377.375    -106.402    80.8489    90.9722    472.551    365.553    
-399.316    144.015    -160.692    389.405    -380.935    460.697    -434.117    -160.405    -21.9522    -370.539    -80.3344    95.9735    89.0405    475.322    355.519    
-400.88    137.591    -159.733    376.499    -366.552    456.465    -446.345    -161.994    -28.6913    -365.232    -56.1245    108.057    86.959    477.912    345.386    
-402.409    130.056    -157.812    363.393    -352.02    452.131    -457.631    -162.298    -33.9455    -360.945    -33.194    118.246    84.7204    480.315    335.152    
-403.917    121.408    -154.859    350.082    -337.334    447.69    -468.182    -161.569    -38.1538    -357.404    -11.2185    127.083    82.3169    482.525    324.821    
-405.427    111.646    -150.802    336.561    -322.489    443.14    -478.123    -159.964    -41.5686    -354.44    10.0066    134.876    79.7398    484.536    314.392    
-406.97    100.767    -145.566    322.826    -307.478    438.478    -487.535    -157.587    -44.3521    -351.935    30.6204    141.82    76.9797    486.341    303.867    
-408.59    88.7649    -139.081    308.872    -292.296    433.7    -496.473    -154.51    -46.6166    -349.803    50.7215    148.045    74.0262    487.932    293.247    
-410.351    75.6292    -131.281    294.693    -276.937    428.802    -504.973    -150.782    -48.4445    -347.978    70.3823    153.644    70.8682    489.302    282.534    
-412.349    61.3347    -122.115    280.284    -261.393    423.78    -513.057    -146.438    -49.8986    -346.404    89.6568    158.688    67.4932    490.443    271.731    
-414.725    45.8322    -111.551    265.638    -245.657    418.629    -520.736    -141.497    -51.0285    -345.037    108.586    163.232    63.8878    491.347    260.84    
-417.693    29.0331    -99.586    250.751    -229.721    413.345    -528.007    -135.969    -51.8741    -343.833    127.201    167.323    60.0374    492.006    249.865    
-421.577    10.7897    -86.2599    235.614    -213.577    407.922    -534.851    -129.851    -52.4667    -342.756    145.529    171.002    55.926    492.409    238.808    
-426.883    -9.12179    -71.6751    220.221    -197.215    402.354    -541.227    -123.13    -52.8287    -341.769    163.594    174.306    51.5361    492.549    227.676    
-434.413    -31.0002    -56.0463    204.563    -180.625    396.635    -547.063    -115.785    -52.9684    -340.837    181.418    177.269    46.8484    492.415    216.474    
-445.469    -55.1442    -39.8214    188.634    -163.798    390.756    -552.226    -107.795    -52.867    -339.923    199.024    179.921    41.8422    491.999    205.208    
-462.136    -81.5274    -23.9803    172.423    -146.721    384.711    -556.504    -99.174    -52.4459    -338.993    216.438    182.286    36.4943    491.289    193.888    
-487.272    -108.791    -10.6163    155.921    -129.382    378.49    -559.596    -90.0809    -51.5032    -338.011    233.684    184.385    30.7795    490.278    182.522    
-522.57    -132.567    -3.12459    139.12    -111.768    372.085    -561.325    -80.9958    -49.6936    -336.938    250.788    186.229    24.6697    488.955    171.122    
-564.472    -146.95    -3.6349    122.007    -93.8635    365.484    -562.079    -72.5624    -46.8032    -335.736    267.771    187.822    18.1338    487.311    159.701    
-606.215    -150.536    -10.2601    104.573    -75.6515    358.676    -562.585    -64.9387    -43.0469    -334.364    284.651    189.164    11.1375    485.337    148.277    
-644.144    -146.191    -19.8321    86.8045    -57.1134    351.647    -563.239    -57.8221    -38.7755    -332.778    301.444    190.249    3.64225    483.023    136.867    
-677.731    -136.901    -30.3852    68.6891    -38.2283    344.382    -564.098    -50.8961    -34.2102    -330.93    318.161    191.064    -4.39417    480.363    125.496    
-707.486    -124.572    -41.0133    50.2119    -18.9726    336.864    -565.109    -43.9589    -29.4586    -328.768    334.812    191.593    -13.0188    477.349    114.193    
-734.046    -110.316    -51.3321    31.3571    0.679731    329.071    -566.203    -36.8932    -24.5716    -326.236    351.403    191.814    -22.2837    473.978    102.991    
-757.956    -94.7869    -61.1871    12.1075    20.7585    320.98    -567.321    -29.6302    -19.5757    -323.274    367.934    191.694    -32.2465    470.249    91.9325    
-779.642    -78.3865    -70.5248    -7.55553    41.2976    312.565    -568.416    -22.1276    -14.486    -319.816    384.401    191.192    -42.9705    466.167    81.0695    
-799.434    -61.3705    -79.3373    -27.652    62.3358    303.793    -569.448    -14.3582    -9.31277    -315.791    400.79    190.254    -54.5252    461.741    70.4643    
-817.591    -43.9083    -87.6365    -48.2033    83.9182    294.627    -570.386    -6.30327    -4.064    -311.122    417.077    188.813    -66.9857    456.994    60.1935    
-834.314    -26.1155    -95.4433    -69.2316    106.097    285.023    -571.204    2.05114    1.25319    -305.731    433.221    186.782    -80.4312    451.959    50.3507    
-849.763    -8.07336    -102.781    -90.7597    128.935    274.928    -571.877    10.7161    6.6319    -299.54    449.162    184.056    -94.9431    446.689    41.0496    
-864.067    10.16    -109.675    -112.81    152.506    264.277    -572.384    19.7015    12.0651    -292.475    464.808    180.502    -110.599    441.259    32.4275    
-877.333    28.5419    -116.147    -135.401    176.9    252.988    -572.702    29.017    17.5451    -284.477    480.034    175.965    -127.465    435.781    24.6466    
-889.646    47.0409    -122.219    -158.545    202.226    240.961    -572.812    38.6727    23.064    -275.52    494.667    170.263    -145.58    430.405    17.8935    
-901.077    65.6332    -127.911    -182.243    228.618    228.065    -572.691    48.6805    28.6128    -265.627    508.479    163.201    -164.938    425.325    12.3715    
-911.687    84.301    -133.243    -206.467    256.242    214.127    -572.316    59.0543    34.1814    -254.905    521.192    154.585    -185.461    420.785    8.2827    
-921.524    103.031    -138.229    -231.146    285.298    198.909    -571.663    69.8111    39.759    -243.565    532.49    144.26    -206.974    417.055    5.79768    
-930.629    121.812    -142.885    -256.129    316.023    182.073    -570.704    80.9724    45.3331    -231.941    542.056    132.155    -229.198    414.397    5.0144    
-939.036    140.637    -147.225    -281.127    348.662    163.107    -569.411    92.5643    50.8897    -220.464    549.633    118.324    -251.77    413.014    5.92199    
-946.773    159.499    -151.258    -305.62    383.391    141.179    -567.753    104.619    56.4131    -209.605    555.084    102.958    -274.299    412.991    8.39251    
-953.864    178.396    -154.995    -328.691    420.015    114.837    -565.696    117.177    61.8856    -199.794    558.421    86.3654    -296.457    414.277    12.2196    
-960.328    197.322    -158.445    -348.664    456.891    81.6089    -563.205    130.286    67.2872    -191.35    559.795    68.9027    -318.051    416.74    17.1928    
-966.18    216.277    -161.614    -363.044    488.297    39.8072    -560.244    144    72.5957    -184.452    559.452    50.9137    -339.056    420.317    23.0851    
-971.434    235.259    -164.508    -371.632    508.03    -5.04734    -556.773    158.39    77.7861    -179.151    557.669    32.6857    -359.478    424.919    29.4318    
-976.099    254.265    -167.132    -377.306    518.912    -46.4536    -552.751    173.536    82.8303    -175.401    554.708    14.4372    -379.289    430.087    35.7962    
-980.182    273.297    -169.489    -381.717    525.427    -83.6578    -548.136    189.541    87.6955    -173.11    550.794    -3.67638    -398.558    435.308    42.041    
-983.689    292.352    -171.582    -385.347    529.681    -117.475    -542.883    206.531    92.3421    -172.165    546.106    -21.5499    -417.425    440.175    48.148    
-986.624    311.429    -173.412    -388.335    532.56    -148.587    -536.948    224.673    96.7194    -172.452    540.781    -39.114    -436.041    444.326    54.1401    
-988.986    330.529    -174.981    -390.732    534.474    -177.435    -530.288    244.193    100.76    -173.873    534.922    -56.3225    -454.55    447.38    60.0715    
-990.775    349.648    -176.286    -392.558    535.64    -204.306    -522.871    265.417    104.37    -176.339    528.604    -73.1422    -473.071    448.871    66.0352    
-991.988    368.786    -177.325    -393.821    536.181    -229.387    -514.703    288.845    107.405    -179.781    521.884    -89.5455    -491.663    448.146    72.1839    
-992.618    387.937    -178.096    -394.52    536.177    -252.802    -505.918    315.326    109.618    -184.145    514.804    -105.505    -510.219    444.155    78.7878    
-992.66    407.098    -178.591    -394.649    535.678    -274.632    -497.154    346.483    110.52    -189.388    507.401    -120.988    -528.02    434.935    86.4005    
-992.105    426.258    -178.803    -394.197    534.72    -294.927    -491.693    385.693    108.919    -195.485    499.71    -135.956    -541.197    416.444    96.4028    
-990.948    445.405    -178.727    -393.153    533.331    -313.711    -505.329    431.11    103.515    -202.417    491.775    -150.364    -531.016    390.831    110.296    
-989.187    464.528    -178.361    -391.505    531.533    -330.989    -535.658    457.742    100.436    -210.163    483.659    -164.181    -500.354    387.712    120.774    
-986.817    483.619    -177.699    -389.247    529.339    -346.763    -561.936    472.638    100.245    -218.682    475.416    -177.393    -473.875    398.665    127.155    
-983.828    502.67    -176.733    -386.369    526.746    -361.021    -583.736    483.659    101.149    -227.929    467.091    -189.979    -452.135    414.318    131.547    
-980.207    521.671    -175.447    -382.858    523.737    -373.737    -602.302    493.023    102.505    -237.855    458.73    -201.918    -433.701    431.996    134.692    
-975.938    540.608    -173.822    -378.707    520.282    -384.862    -618.439    501.543    104.042    -248.407    450.38    -213.193    -417.671    450.69    136.888    
-971.008    559.462    -171.841    -373.913    516.334    -394.327    -632.654    509.59    105.626    -259.533    442.093    -223.796    -403.494    469.919    138.285    
-965.403    578.213    -169.483    -368.482    511.833    -402.039    -645.29    517.356    107.176    -271.177    433.918    -233.733    -390.817    489.411    138.975    
-959.108    596.836    -166.725    -362.437    506.698    -407.877    -656.589    524.953    108.643    -283.284    425.902    -243.018    -379.403    508.997    139.024    
-952.111    615.303    -163.546    -355.824    500.828    -411.69    -666.731    532.449    109.992    -295.803    418.088    -251.678    -369.09    528.563    138.491    
-944.399    633.585    -159.92    -348.725    494.093    -413.292    -675.852    539.888    111.197    -308.683    410.513    -259.748    -359.76    548.03    137.425    
-935.961    651.645    -155.823    -341.274    486.333    -412.457    -684.06    547.3    112.239    -321.879    403.211    -267.266    -351.324    567.342    135.875    
-926.787    669.446    -151.229    -333.685    477.351    -408.918    -691.442    554.706    113.103    -335.346    396.211    -274.278    -343.714    586.462    133.887    
-916.868    686.944    -146.11    -326.296    466.91    -402.374    -698.067    562.12    113.774    -349.038    389.54    -280.828    -336.876    605.36    131.504    
-906.196    704.092    -140.438    -319.622    454.731    -392.502    -703.995    569.555    114.243    -362.908    383.221    -286.961    -330.765    624.017    128.765    
-894.767    720.839    -134.184    -314.443    440.521    -379.02    -709.276    577.02    114.498    -376.901    377.277    -292.721    -325.345    642.421    125.704    
-882.577    737.127    -127.315    -311.88    424.023    -361.793    -713.95    584.523    114.532    -390.948    371.724    -298.138    -320.583    660.563    122.356    
-869.626    752.892    -119.798    -313.418    405.147    -341.048    -718.053    592.072    114.335    -404.969    366.572    -303.229    -316.453    678.438    118.748    
-855.916    768.065    -111.6    -320.718    384.167    -317.642    -721.616    599.674    113.899    -418.879    361.813    -307.978    -312.931    696.041    114.907    
-841.454    782.568    -102.684    -335.092    361.888    -293.197    -724.664    607.336    113.218    -432.608    357.415    -312.337    -309.997    713.371    110.856    
-826.25    796.314    -93.0121    -356.822    339.569    -269.787    -727.22    615.068    112.283    -446.133    353.326    -316.232    -307.634    730.427    106.617    
-810.321    809.207    -82.5451    -384.922    318.505    -249.215    -729.302    622.877    111.088    -459.487    349.492    -319.602    -305.828    747.208    102.207    
-793.691    821.139    -71.2436    -417.639    299.606    -232.467    -730.924    630.774    109.626    -472.737    345.876    -322.421    -304.567    763.715    97.645    
-776.391    831.987    -59.0692    -453.176    283.282    -219.712    -732.099    638.771    107.891    -485.95    342.46    -324.693    -303.841    779.947    92.9451    
-758.467    841.614    -45.9865    -490.101    269.57    -210.629    -732.834    646.881    105.878    -499.181    339.247    -326.445    -303.644    795.905    88.1212    
-739.979    849.867    -31.9668    -527.414    258.317    -204.707    -733.135    655.119    103.58    -512.464    336.243    -327.709    -303.969    811.588    83.1858    
-721.009    856.574    -16.9941    -564.461    249.3    -201.422    -732.999    663.502    100.995    -525.82    333.461    -328.519    -304.817    826.996    78.15    
-701.663    861.55    -1.07365    -600.832    242.285    -200.303    -732.424    672.051    98.1222    -539.257    330.912    -328.904    -306.185    842.126    73.0245    
-682.084    864.598    15.7551    -636.27    237.056    -200.954    -731.396    680.788    94.963    -552.779    328.608    -328.89    -308.078    856.977    67.8195    
-662.454    865.532    33.4017    -670.62    233.421    -203.052    -729.9    689.734    91.5252    -566.383    326.559    -328.498    -310.502    871.543    62.5453    
-642.996    864.194    51.7034    -703.785    231.212    -206.33    -727.908    698.911    87.8228    -580.065    324.774    -327.747    -313.467    885.818    57.2129    
-623.973    860.499    70.4059    -735.711    230.284    -210.575    -725.39    708.335    83.8784    -593.819    323.262    -326.655    -316.984    899.793    51.8349    
-605.668    854.482    89.1553    -766.367    230.508    -215.61    -722.312    718.011    79.7234    -607.636    322.029    -325.237    -321.068    913.454    46.4261    
-588.35    846.34    107.516    -795.738    231.774    -221.289    -718.638    727.931    75.3958    -621.508    321.083    -323.505    -325.732    926.783    41.0039    
-572.24    836.434    125.023    -823.821    233.981    -227.492    -714.345    738.076    70.9352    -635.426    320.429    -321.473    -330.988    939.758    35.5873    
-557.481    825.245    141.257    -850.617    237.043    -234.116    -709.418    748.411    66.3769    -649.381    320.071    -319.153    -336.843    952.356    30.1953    
-544.132    813.286    155.904    -876.133    240.881    -241.073    -703.858    758.904    61.7469    -663.362    320.016    -316.557    -343.297    964.55    24.8443    
-532.179    801.024    168.786    -900.378    245.427    -248.288    -697.672    769.523    57.0601    -677.358    320.266    -313.695    -350.353    976.316    19.5472    
-521.56    788.835    179.843    -923.363    250.617    -255.694    -690.874    780.251    52.3221    -691.359    320.823    -310.581    -358.014    987.629    14.3131    
-512.184    776.994    189.096    -945.098    256.395    -263.23    -683.473    791.08    47.5315    -705.355    321.69    -307.225    -366.287    998.462    9.14912    
-503.95    765.695    196.618    -965.596    262.709    -270.842    -675.476    802.016    42.683    -719.335    322.868    -303.639    -375.187    1008.78    4.06135    
-496.758    755.065    202.502    -984.867    269.513    -278.479    -666.884    813.079    37.7682    -733.288    324.356    -299.834    -384.737    1018.56    -0.943472    
-490.509    745.189    206.848    -1002.92    276.764    -286.093    -657.689    824.303    32.7771    -747.205    326.155    -295.823    -394.967    1027.74    -5.85696    
-485.118    736.121    209.755    -1019.77    284.422    -293.639    -647.872    835.733    27.698    -761.076    328.262    -291.617    -405.918    1036.26    -10.6681    
-480.502    727.896    211.314    -1035.42    292.451    -301.073    -637.407    847.439    22.5167    -774.891    330.675    -287.229    -417.641    1044.05    -15.3619    
-476.59    720.536    211.607    -1049.88    300.818    -308.353    -626.253    859.51    17.2152    -788.642    333.39    -282.671    -430.202    1050.99    -19.9181    
-473.316    714.056    210.713    -1063.15    309.489    -315.435    -614.355    872.073    11.7698    -802.321    336.403    -277.956    -443.68    1056.95    -24.3082    
-470.62    708.465    208.7    -1075.25    318.436    -322.277    -601.637    885.305    6.14697    -815.921    339.709    -273.095    -458.179    1061.71    -28.4916    
-468.445    703.767    205.633    -1086.19    327.63    -328.835    -588.004    899.471    0.296724    -829.435    343.304    -268.102    -473.828    1064.97    -32.4071    
-466.739    699.964    201.573    -1095.95    337.043    -335.066    -573.332    914.986    -5.8613    -842.859    347.18    -262.988    -490.783    1066.24    -35.9577    
-465.453    697.052    196.579    -1104.56    346.649    -340.924    -557.486    932.565    -12.4685    -856.188    351.332    -257.764    -509.215    1064.67    -38.9734    
-464.541    695.025    190.711    -1112.01    356.423    -346.361    -540.434    953.621    -19.8089    -869.418    355.753    -252.444    -529.17    1058.61    -41.1156    
-463.961    693.866    184.032    -1118.31    366.34    -351.326    -523.127    981.515    -28.5735    -882.549    360.438    -247.039    -549.527    1044.06    -41.5635    
-463.685    693.549    176.605    -1123.46    376.376    -355.766    -515.832    1022.82    -40.1921    -895.577    365.381    -241.558    -558.101    1013.24    -38.6197    
-463.708    694.049    168.484    -1127.46    386.506    -359.623    -536.236    1057.93    -50.8262    -908.502    370.58    -236.01    -533.896    989.423    -36.8425    
-464.031    695.367    159.684    -1130.31    396.704    -362.833    -559.885    1076.77    -58.2029    -921.32    376.03    -230.405    -505.947    984.58    -38.9273    
-464.636    697.514    150.215    -1132.01    406.942    -365.33    -580.446    1089.27    -64.29    -934.029    381.728    -224.75    -481.776    986.923    -42.5333    
-465.497    700.495    140.093    -1132.58    417.193    -367.039    -598.429    1098.79    -69.7766    -946.629    387.667    -219.055    -460.783    992.47    -46.8388    
-466.587    704.309    129.342    -1132.01    427.427    -367.878    -614.434    1106.58    -74.9219    -959.119    393.845    -213.33    -442.26    999.747    -51.5336    
-467.881    708.951    117.991    -1130.31    437.61    -367.757    -628.873    1113.22    -79.8487    -971.498    400.259    -207.583    -425.72    1008.07    -56.4705    
-469.359    714.416    106.067    -1127.49    447.707    -366.572    -642.03    1119.02    -84.6239    -983.766    406.904    -201.825    -410.828    1017.05    -61.5686    
-471.005    720.697    93.6003    -1123.56    457.676    -364.206    -654.108    1124.19    -89.2882    -995.924    413.781    -196.066    -397.346    1026.48    -66.7788    
-472.804    727.79    80.6204    -1118.55    467.473    -360.527    -665.257    1128.84    -93.868    -1007.97    420.887    -190.315    -385.096    1036.2    -72.0692    
-474.748    735.69    67.156    -1112.5    477.044    -355.382    -675.59    1133.06    -98.3809    -1019.9    428.222    -184.584    -373.946    1046.13    -77.4181    
-476.827    744.396    53.235    -1105.45    486.327    -348.593    -685.197    1136.92    -102.84    -1031.72    435.787    -178.885    -363.79    1056.18    -82.8101    
-479.036    753.909    38.8848    -1097.49    495.247    -339.953    -694.148    1140.46    -107.253    -1043.41    443.583    -173.232    -354.546    1066.31    -88.234    
-481.371    764.231    24.1323    -1088.72    503.714    -329.219    -702.502    1143.7    -111.629    -1054.99    451.612    -167.638    -346.144    1076.48    -93.6813    
-483.83    775.366    9.00398    -1079.33    511.621    -316.111    -710.306    1146.69    -115.971    -1066.42    459.877    -162.12    -338.53    1086.65    -99.1457    
-486.412    787.324    -6.4739    -1069.56    518.834    -300.303    -717.599    1149.43    -120.284    -1077.72    468.383    -156.696    -331.658    1096.82    -104.622    
-489.117    800.114    -22.2748    -1059.83    525.196    -281.436    -724.415    1151.95    -124.57    -1088.85    477.136    -151.385    -325.488    1106.94    -110.107    
-491.948    813.749    -38.3717    -1050.7    530.521    -259.133    -730.781    1154.25    -128.832    -1099.8    486.143    -146.208    -319.989    1117.02    -115.598    
-494.909    828.245    -54.7367    -1043.05    534.611    -233.075    -736.721    1156.36    -133.071    -1110.51    495.411    -141.182    -315.132    1127.03    -121.092    
-498.006    843.619    -71.3404    -1038.1    537.293    -203.139    -742.254    1158.27    -137.289    -1120.95    504.949    -136.317    -310.894    1136.96    -126.588    
-501.247    859.893    -88.1515    -1037.44    538.505    -169.655    -747.399    1159.99    -141.488    -1131.03    514.757    -131.602    -307.256    1146.8    -132.084    
-504.644    877.089    -105.136    -1042.74    538.428    -133.725    -752.167    1161.53    -145.667    -1140.69    524.827    -126.993    -304.2    1156.55    -137.581    
-508.211    895.232    -122.255    -1055.19    537.592    -97.33    -756.571    1162.89    -149.828    -1149.88    535.136    -122.409    -301.714    1166.19    -143.078    
-511.967    914.346    -139.467    -1074.79    536.801    -62.8813    -760.619    1164.09    -153.973    -1158.58    545.648    -117.749    -299.786    1175.72    -148.574    
-515.937    934.459    -156.723    -1100.26    536.853    -32.3581    -764.317    1165.12    -158.103    -1166.85    556.328    -112.931    -298.407    1185.13    -154.071    
-520.153    955.593    -173.967    -1129.68    538.284    -6.74516    -767.67    1165.98    -162.219    -1174.79    567.151    -107.917    -297.569    1194.41    -159.57    
-524.652    977.767    -191.134    -1161.2    541.312    13.8829    -770.678    1166.68    -166.326    -1182.45    578.106    -102.706    -297.269    1203.56    -165.072    
-529.485    1000.99    -208.147    -1193.44    545.933    29.9683    -773.341    1167.23    -170.426    -1189.91    589.194    -97.3228    -297.502    1212.58    -170.579    
-534.71    1025.26    -224.913    -1225.46    552.03    42.136    -775.656    1167.62    -174.524    -1197.2    600.417    -91.7969    -298.268    1221.45    -176.093    
-540.395    1050.55    -241.325    -1256.67    559.451    51.0119    -777.618    1167.87    -178.628    -1204.34    611.782    -86.1598    -299.565    1230.17    -181.617    
-546.616    1076.82    -257.26    -1286.74    568.037    57.1517    -779.218    1167.99    -182.744    -1211.34    623.294    -80.4393    -301.397    1238.75    -187.153    
-553.452    1103.95    -272.578    -1315.47    577.647    61.0238    -780.449    1167.99    -186.882    -1218.22    634.958    -74.6598    -303.764    1247.17    -192.705    
-560.977    1131.82    -287.129    -1342.77    588.156    63.0152    -781.303    1167.88    -191.053    -1224.97    646.778    -68.8419    -306.669    1255.44    -198.275    
-569.244    1160.24    -300.763    -1368.58    599.456    63.4437    -781.773    1167.69    -195.267    -1231.59    658.756    -63.0033    -310.118    1263.55    -203.866    
-578.276    1188.95    -313.34    -1392.92    611.455    62.5706    -781.855    1167.45    -199.536    -1238.08    670.894    -57.1596    -314.112    1271.51    -209.479    
-588.053    1217.71    -324.751    -1415.79    624.076    60.6116    -781.552    1167.18    -203.866    -1244.44    683.193    -51.3239    -318.655    1279.32    -215.115    
-598.505    1246.22    -334.926    -1437.22    637.253    57.7465    -780.87    1166.93    -208.263    -1250.65    695.653    -45.5082    -323.751    1286.98    -220.774    
-609.523    1274.24    -343.842    -1457.24    650.926    54.126    -779.821    1166.71    -212.727    -1256.73    708.273    -39.7229    -329.403    1294.48    -226.455    
-620.969    1301.53    -351.525    -1475.89    665.048    49.8777    -778.418    1166.56    -217.255    -1262.66    721.053    -33.9775    -335.613    1301.82    -232.154    
-632.694    1327.95    -358.032    -1493.21    679.575    45.1104    -776.675    1166.49    -221.839    -1268.43    733.989    -28.2806    -342.387    1309.01    -237.868    
-644.553    1353.36    -363.446    -1509.23    694.469    39.9177    -774.607    1166.54    -226.472    -1274.06    747.081    -22.64    -349.729    1316.03    -243.594    
-656.414    1377.7    -367.863    -1524    709.696    34.3806    -772.224    1166.72    -231.145    -1279.52    760.324    -17.0627    -357.644    1322.88    -249.326    
-668.166    1400.93    -371.378    -1537.55    725.229    28.5701    -769.533    1167.04    -235.848    -1284.82    773.716    -11.5555    -366.141    1329.55    -255.059    
-679.715    1423.06    -374.085    -1549.9    741.039    22.5487    -766.536    1167.53    -240.574    -1289.96    787.252    -6.12416    -375.229    1336.02    -260.79    
-690.988    1444.07    -376.07    -1561.1    757.105    16.3718    -763.232    1168.19    -245.315    -1294.93    800.929    -0.774349    -384.92    1342.28    -266.511    
-701.924    1464    -377.41    -1571.17    773.405    10.089    -759.618    1169.04    -250.065    -1299.74    814.743    4.48888    -395.229    1348.31    -272.217    
-712.476    1482.86    -378.173    -1580.14    789.919    3.745    -755.683    1170.11    -254.821    -1304.37    828.689    9.66087    -406.171    1354.08    -277.901    
-722.608    1500.67    -378.42    -1588.03    806.632    -2.61938    -751.417    1171.41    -259.58    -1308.83    842.763    14.7373    -417.767    1359.58    -283.558    
-732.29    1517.46    -378.201    -1594.86    823.526    -8.96683    -746.801    1172.99    -264.34    -1313.12    856.961    19.7144    -430.04    1364.77    -289.179    
-741.497    1533.24    -377.565    -1600.66    840.587    -15.2628    -741.817    1174.86    -269.103    -1317.23    871.277    24.5883    -443.017    1369.62    -294.756    
-750.208    1548.03    -376.551    -1605.45    857.802    -21.4749    -736.439    1177.07    -273.869    -1321.17    885.707    29.3559    -456.729    1374.07    -300.28    
-758.407    1561.84    -375.194    -1609.23    875.159    -27.5726    -730.638    1179.68    -278.645    -1324.94    900.247    34.0141    -471.213    1378.07    -305.739    
-766.078    1574.67    -373.528    -1612.03    892.646    -33.5268    -724.38    1182.73    -283.436    -1328.53    914.893    38.5601    -486.512    1381.56    -311.119    
-773.206    1586.53    -371.58    -1613.87    910.251    -39.3094    -717.624    1186.31    -288.252    -1331.95    929.64    42.9912    -502.673    1384.45    -316.404    
-779.78    1597.4    -369.377    -1614.74    927.965    -44.893    -710.322    1190.52    -293.107    -1335.19    944.486    47.3049    -519.755    1386.62    -321.572    
-785.787    1607.28    -366.946    -1614.66    945.778    -50.2504    -702.42    1195.49    -298.022    -1338.26    959.425    51.4988    -537.822    1387.93    -326.597    
-791.219    1616.13    -364.308    -1613.64    963.68    -55.3545    -693.857    1201.38    -303.023    -1341.17    974.455    55.5707    -556.947    1388.17    -331.44    
-796.069    1623.93    -361.489    -1611.69    981.663    -60.1779    -684.567    1208.46    -308.15    -1343.9    989.573    59.5179    -577.208    1387.06    -336.05    
-800.335    1630.66    -358.511    -1608.8    999.716    -64.6925    -674.489    1217.08    -313.467    -1346.46    1004.78    63.3381    -598.676    1384.18    -340.35    
-804.024    1636.25    -355.399    -1604.98    1017.83    -68.8692    -663.604    1227.8    -319.069    -1348.85    1020.06    67.0285    -621.372    1378.86    -344.219    
-807.151    1640.68    -352.177    -1600.23    1036    -72.6773    -652.042    1241.55    -325.126    -1351.08    1035.43    70.5859    -645.138    1370.01    -347.452    
-809.746    1643.91    -348.87    -1594.54    1054.22    -76.0844    -640.489    1259.96    -331.943    -1353.13    1050.87    74.0065    -669.158    1355.72    -349.682    
-811.849    1645.9    -345.501    -1587.91    1072.47    -79.0558    -631.694    1285.53    -340.051    -1355.02    1066.4    77.2859    -690.162    1333    -350.272    
-813.497    1646.68    -342.091    -1580.34    1090.75    -81.5534    -633.579    1318.23    -349.698    -1356.74    1082    80.4186    -698.74    1301.89    -348.92    
-814.694    1646.24    -338.661    -1571.8    1109.05    -83.5354    -650.482    1347.65    -359.191    -1358.3    1097.67    83.3986    -689.746    1274.77    -347.633    
-815.404    1644.55    -335.246    -1562.3    1127.34    -84.9542    -673.527    1368.01    -367.218    -1359.68    1113.42    86.2209    -673.719    1258.5    -347.957    
-815.587    1641.52    -331.896    -1551.81    1145.63    -85.7558    -697.032    1382.05    -374.071    -1360.89    1129.23    88.8805    -657.414    1249.84    -349.541    
-815.213    1637.01    -328.68    -1540.32    1163.89    -85.8783    -719.616    1392.3    -380.135    -1361.93    1145.11    91.3719    -642.474    1245.8    -351.913    
-814.274    1630.85    -325.687    -1527.81    1182.11    -85.2501    -741.073    1400.18    -385.636    -1362.8    1161.06    93.6888    -629.142    1244.73    -354.792    
-812.786    1622.87    -323.031    -1514.25    1200.26    -83.7864    -761.464    1406.48    -390.696    -1363.51    1177.06    95.8238    -617.346    1245.71    -358.014    
-810.799    1612.82    -320.86    -1499.63    1218.32    -81.386    -780.897    1411.69    -395.384    -1364.05    1193.13    97.768    -606.952    1248.19    -361.475    
-808.408    1600.49    -319.361    -1483.92    1236.27    -77.9255    -799.474    1416.14    -399.732    -1364.43    1209.27    99.5113    -597.826    1251.81    -365.109    
-805.766    1585.59    -318.776    -1467.1    1254.06    -73.2518    -817.276    1420.07    -403.75    -1364.63    1225.46    101.042    -589.854    1256.33    -368.866    
-803.118    1567.84    -319.419    -1449.14    1271.65    -67.1707    -834.358    1423.65    -407.43    -1364.67    1241.71    102.345    -582.94    1261.58    -372.714    
-800.843    1546.95    -321.697    -1430.05    1288.97    -59.4305    -850.748    1427.01    -410.746    -1364.55    1258.03    103.404    -577.004    1267.44    -376.623    
-799.509    1522.7    -326.125    -1409.83    1305.92    -49.6962    -866.441    1430.25    -413.655    -1364.25    1274.41    104.198    -571.982    1273.82    -380.573    
-799.954    1495.06    -333.329    -1388.58    1322.38    -37.5098    -881.388    1433.45    -416.1    -1363.78    1290.85    104.699    -567.824    1280.65    -384.545    
-803.309    1464.4    -343.954    -1366.49    1338.14    -22.2279    -895.502    1436.6    -418.019    -1363.12    1307.36    104.873    -564.494    1287.88    -388.525    
-810.847    1431.83    -358.416    -1344.05    1352.92    -2.92878    -908.666    1439.63    -419.37    -1362.26    1323.96    104.671    -561.967    1295.46    -392.499    
-823.486    1399.28    -376.509    -1322.37    1366.22    21.6894    -920.798    1442.36    -420.177    -1361.14    1340.65    104.029    -560.227    1303.36    -396.461    
-841.169    1368.95    -397.211    -1304.05    1377.29    53.1918    -931.917    1444.61    -420.546    -1359.65    1357.46    102.87    -559.257    1311.52    -400.407    
-862.845    1342.37    -419.088    -1294.71    1385.28    91.9036    -942.154    1446.25    -420.624    -1357.54    1374.44    101.174    -559.037    1319.92    -404.335    
-887.119    1320.01    -440.923    -1301.62    1390.59    132.141    -951.683    1447.26    -420.537    -1354.51    1391.54    99.1782    -559.54    1328.5    -408.245    
-912.812    1301.62    -461.971    -1323.57    1396.08    163.078    -960.653    1447.69    -420.362    -1350.59    1408.65    97.3442    -560.737    1337.26    -412.134    
-939.12    1286.69    -481.876    -1351.15    1403.85    181.408    -969.171    1447.63    -420.133    -1346.21    1425.66    95.8077    -562.607    1346.15    -415.998    
-965.539    1274.68    -500.507    -1378.37    1413.91    190.332    -977.307    1447.15    -419.863    -1341.62    1442.57    94.4217    -565.129    1355.17    -419.83    
-991.766    1265.1    -517.853    -1403.3    1425.73    193.108    -985.105    1446.33    -419.552    -1336.89    1459.39    93.0371    -568.289    1364.3    -423.626    
-1017.62    1257.59    -533.951    -1425.58    1438.84    191.816    -992.595    1445.22    -419.195    -1332.06    1476.14    91.5556    -572.077    1373.53    -427.379    
-1042.99    1251.82    -548.864    -1445.3    1452.91    187.719    -999.794    1443.87    -418.784    -1327.11    1492.82    89.9149    -576.485    1382.85    -431.081    
-1067.82    1247.55    -562.659    -1462.67    1467.72    181.604    -1006.71    1442.34    -418.313    -1322.03    1509.43    88.0733    -581.507    1392.23    -434.728    
-1092.06    1244.56    -575.403    -1477.9    1483.1    173.985    -1013.36    1440.65    -417.773    -1316.82    1525.96    86.0016    -587.142    1401.68    -438.312    
-1115.7    1242.7    -587.162    -1491.2    1498.94    165.209    -1019.73    1438.84    -417.158    -1311.48    1542.42    83.678    -593.387    1411.17    -441.827    
-1138.73    1241.83    -597.994    -1502.72    1515.14    155.523    -1025.83    1436.95    -416.463    -1305.98    1558.79    81.0857    -600.242    1420.71    -445.266    
-1161.15    1241.84    -607.954    -1512.61    1531.65    145.105    -1031.65    1435.01    -415.683    -1300.34    1575.06    78.2112    -607.71    1430.27    -448.621    
-1182.95    1242.62    -617.094    -1520.99    1548.4    134.087    -1037.19    1433.05    -414.815    -1294.55    1591.24    75.0437    -615.794    1439.84    -451.885    
-1204.16    1244.09    -625.459    -1527.95    1565.34    122.571    -1042.45    1431.1    -413.856    -1288.6    1607.3    71.5741    -624.497    1449.41    -455.05    
-1224.76    1246.19    -633.092    -1533.58    1582.45    110.634    -1047.41    1429.18    -412.808    -1282.5    1623.24    67.7951    -633.826    1458.97    -458.108    
-1244.77    1248.86    -640.033    -1537.96    1599.68    98.3397    -1052.07    1427.33    -411.669    -1276.24    1639.04    63.7003    -643.787    1468.5    -461.05    
-1264.2    1252.03    -646.318    -1541.13    1617.01    85.7378    -1056.42    1425.56    -410.443    -1269.82    1654.7    59.2848    -654.39    1478    -463.866    
-1283.07    1255.67    -651.981    -1543.16    1634.41    72.8692    -1060.44    1423.92    -409.131    -1263.25    1670.21    54.5443    -665.643    1487.43    -466.545    
-1301.36    1259.73    -657.052    -1544.09    1651.86    59.7678    -1064.12    1422.42    -407.741    -1256.53    1685.54    49.4752    -677.558    1496.8    -469.075    
-1319.11    1264.19    -661.562    -1543.95    1669.33    46.4623    -1067.45    1421.1    -406.276    -1249.65    1700.7    44.0748    -690.147    1506.08    -471.444    
-1336.31    1269    -665.537    -1542.77    1686.8    32.9771    -1070.42    1419.97    -404.747    -1242.63    1715.66    38.3406    -703.426    1515.25    -473.638    
-1352.98    1274.13    -669.003    -1540.59    1704.26    19.3335    -1072.99    1419.09    -403.162    -1235.46    1730.42    32.2705    -717.41    1524.29    -475.64    
-1369.13    1279.58    -671.984    -1537.42    1721.68    5.55045    -1075.16    1418.47    -401.532    -1228.14    1744.97    25.8625    -732.119    1533.17    -477.434    
-1384.76    1285.31    -674.501    -1533.28    1739.05    -8.35522    -1076.91    1418.15    -399.873    -1220.68    1759.3    19.1148    -747.573    1541.88    -478.998    
-1399.88    1291.31    -676.576    -1528.19    1756.34    -22.3681    -1078.21    1418.17    -398.199    -1213.08    1773.38    12.0252    -763.795    1550.38    -480.31    
-1414.5    1297.55    -678.229    -1522.16    1773.55    -36.4738    -1079.03    1418.57    -396.529    -1205.34    1787.22    4.59138    -780.813    1558.63    -481.343    
-1428.62    1304.04    -679.478    -1515.19    1790.64    -50.6589    -1079.36    1419.4    -394.885    -1197.46    1800.79    -3.18973    -798.655    1566.6    -482.066    
-1442.26    1310.74    -680.34    -1507.28    1807.6    -64.9107    -1079.15    1420.7    -393.294    -1189.45    1814.09    -11.3218    -817.355    1574.23    -482.444    
-1455.42    1317.66    -680.832    -1498.45    1824.41    -79.2167    -1078.38    1422.55    -391.787    -1181.3    1827.11    -19.8094    -836.949    1581.47    -482.434    
-1468.1    1324.78    -680.969    -1488.69    1841.05    -93.565    -1077    1425.01    -390.401    -1173.03    1839.82    -28.6583    -857.478    1588.24    -481.983    
-1480.31    1332.1    -680.764    -1477.99    1857.5    -107.944    -1074.99    1428.19    -389.182    -1164.62    1852.21    -37.8756    -878.987    1594.45    -481.029    
-1492.06    1339.61    -680.232    -1466.35    1873.73    -122.342    -1072.29    1432.18    -388.189    -1156.1    1864.27    -47.4696    -901.521    1599.99    -479.494    
-1503.34    1347.3    -679.385    -1453.76    1889.72    -136.747    -1068.87    1437.14    -387.496    -1147.45    1875.98    -57.4506    -925.128    1604.69    -477.279    
-1514.15    1355.18    -678.233    -1440.19    1905.44    -151.149    -1064.68    1443.27    -387.2    -1138.69    1887.31    -67.83    -949.848    1608.35    -474.257    
-1524.51    1363.24    -676.786    -1425.63    1920.87    -165.534    -1059.7    1450.84    -387.433    -1129.83    1898.23    -78.6205    -975.702    1610.66    -470.259    
-1534.4    1371.49    -675.052    -1410.06    1935.95    -179.893    -1053.95    1460.22    -388.377    -1120.87    1908.73    -89.8358    -1002.66    1611.22    -465.054    
-1543.83    1379.92    -673.038    -1393.44    1950.64    -194.211    -1047.56    1471.97    -390.293    -1111.83    1918.77    -101.489    -1030.55    1609.39    -458.322    
-1552.78    1388.53    -670.749    -1375.76    1964.9    -208.473    -1040.92    1486.91    -393.547    -1102.74    1928.32    -113.589    -1058.91    1604.24    -449.617    
-1561.27    1397.34    -668.185    -1356.96    1978.66    -222.658    -1035.08    1506.15    -398.613    -1093.62    1937.33    -126.145    -1086.44    1594.47    -438.373    
-1569.26    1406.33    -665.346    -1337.03    1991.85    -236.74    -1032.55    1530.75    -405.828    -1084.49    1945.77    -139.154    -1110.15    1578.87    -424.189    
-1576.77    1415.52    -662.227    -1315.91    2004.39    -250.676    -1037.48    1559.88    -414.486    -1075.39    1953.61    -152.611    -1125.09    1558.47    -407.912    
-1583.77    1424.91    -658.822    -1293.57    2016.2    -264.417    -1052.02    1589.19    -422.281    -1066.34    1960.82    -166.511    -1128.69    1538.45    -392.288    
-1590.27    1434.47    -655.132    -1269.96    2027.19    -277.9    -1073.24    1614.75    -427.451    -1057.38    1967.36    -180.854    -1124.39    1523.52    -379.411    
-1596.25    1444.22    -651.156    -1244.99    2037.24    -291.057    -1097.29    1636.05    -429.963    -1048.53    1973.19    -195.645    -1116.75    1514.34    -369.317    
-1601.72    1454.16    -646.898    -1218.58    2046.21    -303.803    -1122.01    1654    -430.39    -1039.86    1978.3    -210.89    -1108.27    1509.82    -361.327    
-1606.68    1464.28    -642.358    -1190.64    2053.91    -316.021    -1146.44    1669.57    -429.245    -1031.42    1982.65    -226.587    -1100.05    1508.88    -354.834    
-1611.1    1474.6    -637.536    -1161.03    2060.09    -327.541    -1170.18    1683.45    -426.894    -1023.27    1986.23    -242.727    -1092.5    1510.69    -349.42    
-1614.99    1485.12    -632.43    -1129.61    2064.43    -338.11    -1193.06    1696.15    -423.597    -1015.51    1989.03    -259.296    -1085.76    1514.7    -344.803    
-1618.33    1495.85    -627.035    -1096.13    2066.45    -347.33    -1214.98    1707.99    -419.542    -1008.19    1991.07    -276.272    -1079.88    1520.51    -340.793    
-1621.11    1506.82    -621.345    -1060.24    2065.34    -354.537    -1235.93    1719.2    -414.879    -1001.4    1992.38    -293.637    -1074.84    1527.86    -337.26    
-1623.32    1518.02    -615.351    -1021.57    2059.37    -358.519    -1255.88    1729.93    -409.726    -995.211    1993.04    -311.389    -1070.6    1536.53    -334.115    
-1624.95    1529.48    -609.043    -980.567    2044.27    -356.798    -1274.84    1740.3    -404.185    -989.636    1993.27    -329.577    -1067.14    1546.4    -331.293    
-1625.96    1541.21    -602.409    -946.482    2009.82    -346.146    -1292.82    1750.37    -398.342    -984.308    1993.52    -348.279    -1064.4    1557.35    -328.753    
-1626.35    1553.23    -595.432    -944.41    1962.07    -337.877    -1309.84    1760.19    -392.271    -978.159    1993.55    -366.942    -1062.34    1569.3    -326.466    
-1626.09    1565.56    -588.098    -960.728    1924.78    -341.783    -1325.92    1769.79    -386.036    -971.792    1992.37    -385.08    -1060.94    1582.2    -324.416    
-1625.17    1578.23    -580.385    -980.125    1896.25    -352.108    -1341.09    1779.19    -379.692    -965.877    1990.05    -402.885    -1060.15    1596.01    -322.596    
-1623.55    1591.25    -572.271    -999.654    1872.44    -365.546    -1355.38    1788.39    -373.283    -960.547    1986.79    -420.44    -1059.94    1610.69    -321.011    
-1621.2    1604.66    -563.731    -1018.91    1851.12    -380.606    -1368.81    1797.4    -366.851    -955.823    1982.7    -437.75    -1060.29    1626.24    -319.672    
-1618.11    1618.48    -554.733    -1037.95    1830.9    -396.387    -1381.41    1806.22    -360.43    -951.704    1977.83    -454.79    -1061.15    1642.63    -318.604    
-1614.22    1632.75    -545.241    -1056.9    1810.78    -412.112    -1393.21    1814.85    -354.05    -948.187    1972.24    -471.517    -1062.52    1659.88    -317.846    
-1609.5    1647.51    -535.214    -1075.77    1790    -426.896    -1404.22    1823.3    -347.739    -945.27    1965.95    -487.883    -1064.35    1677.97    -317.453    
-1603.9    1662.8    -524.6    -1094.39    1768.17    -439.657    -1414.47    1831.55    -341.523    -942.955    1958.99    -503.83    -1066.65    1696.88    -317.497    
-1597.36    1678.68    -513.337    -1112.37    1745.57    -449.336    -1423.97    1839.6    -335.427    -941.248    1951.4    -519.296    -1069.41    1716.58    -318.06    
-1589.82    1695.22    -501.347    -1129.32    1723.09    -455.417    -1432.76    1847.46    -329.474    -940.158    1943.21    -534.213    -1072.61    1736.99    -319.207    
-1581.19    1712.49    -488.53    -1145.12    1701.77    -458.199    -1440.83    1855.12    -323.691    -939.698    1934.47    -548.514    -1076.24    1758.02    -320.973    
-1571.39    1730.6    -474.754    -1159.88    1682.24    -458.444    -1448.22    1862.59    -318.105    -939.882    1925.22    -562.13    -1080.28    1779.57    -323.374    
-1560.29    1749.69    -459.837    -1173.85    1664.68    -456.912    -1454.94    1869.84    -312.749    -940.724    1915.55    -575    -1084.7    1801.57    -326.42    
-1547.73    1769.96    -443.516    -1187.23    1649.06    -454.176    -1461    1876.89    -307.667    -942.232    1905.53    -587.072    -1089.47    1823.91    -330.12    
-1533.53    1791.68    -425.381    -1200.21    1635.23    -450.624    -1466.43    1883.7    -302.917    -944.413    1895.25    -598.31    -1094.59    1846.51    -334.475    
-1517.4    1815.34    -404.733    -1212.89    1623.04    -446.512    -1471.26    1890.26    -298.59    -947.261    1884.82    -608.694    -1100.05    1869.25    -339.473    
-1499    1841.81    -380.166    -1225.36    1612.35    -442.009    -1475.53    1896.47    -294.854    -950.766    1874.34    -618.225    -1105.86    1892.03    -345.086    
-1478.08    1873.17    -347.882    -1237.67    1603.04    -437.229    -1479.26    1902.13    -292.136    -954.907    1863.89    -626.922    -1112.04    1914.74    -351.27    
-1469.89    1914.8    -285.904    -1249.85    1595.02    -432.251    -1480.81    1906.69    -292.814    -959.658    1853.57    -634.817    -1118.62    1937.29    -357.965    
-1530.45    1909.04    -260.096    -1261.91    1588.2    -427.132    -1474.16    1916.35    -289.848    -964.986    1843.45    -641.956    -1125.63    1959.58    -365.096    
-1567.7    1900.33    -257.747    -1273.87    1582.51    -421.916    -1469.2    1926.37    -284.627    -970.858    1833.57    -648.39    -1133.1    1981.54    -372.582    
-1596.01    1893.76    -258.147    -1285.72    1577.9    -416.636    -1464.39    1936.22    -279.407    -977.239    1823.99    -654.171    -1141.06    2003.11    -380.334    
-1619.25    1888.71    -259.504    -1297.47    1574.31    -411.321    -1459.29    1946    -274.413    -984.093    1814.73    -659.353    -1149.56    2024.24    -388.261    
-1639.04    1884.8    -261.313    -1309.1    1571.69    -405.992    -1453.76    1955.75    -269.738    -991.39    1805.81    -663.984    -1158.62    2044.88    -396.269    
-1656.22    1881.81    -263.374    -1320.61    1570.01    -400.668    -1447.69    1965.55    -265.443    -999.098    1797.24    -668.11    -1168.25    2064.98    -404.268    
-1671.31    1879.58    -265.594    -1331.98    1569.24    -395.365    -1441.04    1975.43    -261.584    -1007.19    1789.04    -671.77    -1178.49    2084.51    -412.168    
-1684.67    1878    -267.926    -1343.21    1569.35    -390.099    -1433.79    1985.43    -258.211    -1015.64    1781.19    -674.998    -1189.33    2103.44    -419.88    
-1696.56    1876.99    -270.345    -1354.29    1570.31    -384.882    -1425.92    1995.6    -255.376    -1024.43    1773.7    -677.825    -1200.78    2121.74    -427.317    
-1707.15    1876.48    -272.839    -1365.19    1572.08    -379.728    -1417.45    2005.97    -253.133    -1033.53    1766.57    -680.276    -1212.83    2139.35    -434.394    
-1716.59    1876.43    -275.404    -1375.91    1574.66    -374.651    -1408.37    2016.58    -251.536    -1042.93    1759.79    -682.371    -1225.46    2156.26    -441.024    
-1725    1876.79    -278.038    -1386.42    1578.01    -369.663    -1398.72    2027.48    -250.645    -1052.61    1753.36    -684.13    -1238.66    2172.42    -447.122    
-1732.47    1877.54    -280.744    -1396.73    1582.12    -364.777    -1388.52    2038.7    -250.519    -1062.56    1747.27    -685.565    -1252.38    2187.78    -452.602    
-1739.06    1878.64    -283.526    -1406.82    1586.96    -360.007    -1377.83    2050.29    -251.218    -1072.76    1741.53    -686.69    -1266.57    2202.32    -457.378    
-1744.86    1880.08    -286.387    -1416.66    1592.51    -355.367    -1366.69    2062.3    -252.808    -1083.19    1736.12    -687.516    -1281.18    2215.97    -461.364    
-1749.89    1881.84    -289.334    -1426.26    1598.76    -350.87    -1355.19    2074.75    -255.35    -1093.84    1731.06    -688.05    -1296.12    2228.7    -464.476    
-1754.22    1883.9    -292.372    -1435.6    1605.67    -346.533    -1343.41    2087.69    -258.908    -1104.71    1726.33    -688.301    -1311.3    2240.47    -466.63    
-1757.87    1886.25    -295.508    -1444.66    1613.23    -342.368    -1331.45    2101.17    -263.54    -1115.77    1721.94    -688.277    -1326.59    2251.22    -467.749    
-1760.88    1888.89    -298.747    -1453.46    1621.42    -338.393    -1319.45    2115.22    -269.299    -1127.02    1717.89    -687.983    -1341.87    2260.91    -467.762    
-1763.26    1891.8    -302.097    -1461.96    1630.22    -334.622    -1307.53    2129.86    -276.23    -1138.44    1714.18    -687.426    -1356.96    2269.52    -466.609    
-1765.05    1894.99    -305.564    -1470.18    1639.6    -331.072    -1295.88    2145.12    -284.362    -1150.02    1710.81    -686.613    -1371.69    2277.01    -464.247    
-1766.26    1898.44    -309.153    -1478.11    1649.56    -327.757    -1284.67    2160.99    -293.704    -1161.75    1707.79    -685.551    -1385.83    2283.38    -460.655    
-1766.9    1902.17    -312.871    -1485.75    1660.07    -324.695    -1274.1    2177.48    -304.244    -1173.61    1705.12    -684.248    -1399.17    2288.65    -455.843    
-1766.98    1906.16    -316.723    -1493.09    1671.11    -321.899    -1264.39    2194.56    -315.936    -1185.6    1702.79    -682.712    -1411.45    2292.84    -449.854    
-1766.51    1910.43    -320.714    -1500.14    1682.67    -319.386    -1255.74    2212.16    -328.703    -1197.7    1700.82    -680.95    -1422.46    2296.02    -442.772    
-1765.49    1914.97    -324.848    -1506.9    1694.73    -317.17    -1248.34    2230.2    -342.429    -1209.91    1699.19    -678.972    -1431.95    2298.28    -434.723    
-1763.92    1919.79    -329.129    -1513.38    1707.3    -315.267    -1242.38    2248.6    -356.965    -1222.21    1697.92    -676.787    -1439.73    2299.75    -425.877    
-1761.8    1924.9    -333.558    -1519.57    1720.35    -313.69    -1237.99    2267.21    -372.131    -1234.6    1697    -674.403    -1445.65    2300.56    -416.437    
-1759.13    1930.3    -338.137    -1525.48    1733.88    -312.454    -1235.26    2285.91    -387.727    -1247.07    1696.42    -671.83    -1449.61    2300.89    -406.632    
-1755.9    1936    -342.865    -1531.12    1747.88    -311.573    -1234.24    2304.56    -403.543    -1259.6    1696.2    -669.074    -1451.56    2300.9    -396.702    
-1752.1    1942    -347.741    -1536.48    1762.36    -311.059    -1234.89    2323    -419.372    -1272.21    1696.33    -666.144    -1451.53    2300.77    -386.889    
-1747.72    1948.3    -352.762    -1541.58    1777.31    -310.928    -1237.17    2341.11    -435.019    -1284.88    1696.8    -663.047    -1449.6    2300.64    -377.414    
-1742.74    1954.9    -357.924    -1546.42    1792.73    -311.192    -1240.97    2358.76    -450.313    -1297.6    1697.62    -659.789    -1445.91    2300.67    -368.476    
-1737.16    1961.82    -363.222    -1550.99    1808.64    -311.865    -1246.15    2375.87    -465.109    -1310.37    1698.79    -656.374    -1440.61    2300.96    -360.242    
-1730.95    1969.03    -368.652    -1555.31    1825.02    -312.96    -1252.57    2392.36    -479.295    -1323.19    1700.3    -652.807    -1433.89    2301.62    -352.842    
-1724.11    1976.53    -374.208    -1559.38    1841.89    -314.494    -1260.06    2408.16    -492.784    -1336.05    1702.15    -649.092    -1425.94    2302.7    -346.373    
-1716.62    1984.31    -379.885    -1563.19    1859.26    -316.482    -1268.48    2423.25    -505.518    -1348.95    1704.35    -645.233    -1416.96    2304.25    -340.904    
-1708.45    1992.37    -385.677    -1566.76    1877.14    -318.943    -1277.67    2437.59    -517.461    -1361.87    1706.89    -641.232    -1407.13    2306.31    -336.472    
-1699.6    2000.67    -391.58    -1570.1    1895.53    -321.899    -1287.48    2451.19    -528.596    -1374.83    1709.78    -637.093    -1396.63    2308.88    -333.095    
-1690.04    2009.22    -397.586    -1573.2    1914.45    -325.377    -1297.78    2464.03    -538.921    -1387.81    1713.02    -632.818    -1385.62    2311.96    -330.774    
-1679.76    2017.97    -403.687    -1576.1    1933.91    -329.415    -1308.46    2476.13    -548.445    -1400.8    1716.61    -628.41    -1374.25    2315.54    -329.494    
-1668.74    2026.91    -409.871    -1578.81    1953.94    -334.061    -1319.42    2487.51    -557.185    -1413.8    1720.55    -623.871    -1362.65    2319.61    -329.231    
-1656.95    2036.01    -416.119    -1581.36    1974.56    -339.391    -1330.55    2498.17    -565.164    -1426.81    1724.84    -619.206    -1350.94    2324.15    -329.956    
-1644.38    2045.23    -422.399    -1583.79    1995.8    -345.514    -1341.79    2508.15    -572.41    -1439.81    1729.49    -614.416    -1339.22    2329.13    -331.631    
-1631    2054.53    -428.661    -1586.16    2017.7    -352.606    -1353.05    2517.45    -578.952    -1452.8    1734.5    -609.506    -1327.58    2334.52    -334.218    
-1616.8    2063.9    -434.818    -1588.48    2040.29    -360.943    -1364.28    2526.1    -584.819    -1465.77    1739.87    -604.481    -1316.1    2340.32    -337.677    
-1601.81    2073.3    -440.734    -1590.73    2063.53    -370.956    -1375.42    2534.13    -590.044    -1478.71    1745.61    -599.344    -1304.86    2346.48    -341.967    
-1586.1    2082.77    -446.225    -1592.68    2087.25    -383.218    -1386.42    2541.55    -594.656    -1491.62    1751.72    -594.102    -1293.92    2352.99    -347.045    
-1569.89    2092.46    -451.139    -1593.75    2111.01    -398.19    -1397.24    2548.37    -598.685    -1504.48    1758.21    -588.76    -1283.34    2359.81    -352.872    
-1553.45    2102.54    -455.519    -1593.2    2134.2    -415.712    -1407.85    2554.63    -602.16    -1517.29    1765.07    -583.325    -1273.16    2366.93    -359.408    
-1536.95    2113.14    -459.612    -1590.6    2156.47    -434.967    -1418.21    2560.33    -605.109    -1530.03    1772.32    -577.805    -1263.43    2374.33    -366.615    
-1520.4    2124.26    -463.674    -1586.04    2177.87    -455.097    -1428.29    2565.5    -607.559    -1542.68    1779.94    -572.209    -1254.18    2381.98    -374.454    
-1503.78    2135.89    -467.854    -1579.78    2198.67    -475.568    -1438.07    2570.13    -609.535    -1555.25    1787.93    -566.545    -1245.47    2389.86    -382.891    
-1487.03    2147.99    -472.21    -1572.11    2219.12    -496.111    -1447.52    2574.26    -611.061    -1567.71    1796.3    -560.823    -1237.31    2397.95    -391.891    
-1470.13    2160.6    -476.753    -1563.22    2239.46    -516.598    -1456.62    2577.88    -612.162    -1580.07    1805.04    -555.053    -1229.75    2406.23    -401.42    
-1453.07    2173.75    -481.475    -1553.26    2259.9    -536.959    -1465.34    2581.01    -612.858    -1592.3    1814.14    -549.245    -1222.81    2414.69    -411.446    
-1435.85    2187.52    -486.358    -1542.34    2280.64    -557.149    -1473.67    2583.65    -613.173    -1604.4    1823.59    -543.409    -1216.52    2423.3    -421.94    
-1418.47    2201.98    -491.38    -1530.52    2301.9    -577.121    -1481.59    2585.82    -613.127    -1616.37    1833.38    -537.553    -1210.9    2432.04    -432.87    
-1400.91    2217.26    -496.522    -1517.88    2323.93    -596.819    -1489.06    2587.51    -612.742    -1628.21    1843.52    -531.687    -1205.99    2440.9    -444.208    
-1383.19    2233.45    -501.766    -1504.49    2347.02    -616.158    -1496.08    2588.72    -612.04    -1639.9    1853.98    -525.818    -1201.81    2449.84    -455.927    
-1365.27    2250.68    -507.094    -1490.46    2371.47    -635    -1502.61    2589.46    -611.045    -1651.44    1864.77    -519.955    -1198.39    2458.86    -467.999    
-1347.15    2269.11    -512.491    -1475.94    2397.66    -653.13    -1508.63    2589.73    -609.784    -1662.84    1875.88    -514.103    -1195.76    2467.92    -480.397    
-1328.8    2288.9    -517.945    -1461.21    2425.92    -670.213    -1514.1    2589.52    -608.285    -1674.09    1887.31    -508.269    -1193.96    2476.98    -493.094    
-1310.16    2310.28    -523.448    -1446.67    2456.5    -685.774    -1519    2588.83    -606.585    -1685.19    1899.04    -502.46    -1193.02    2486.03    -506.063    
-1291.16    2333.54    -528.999    -1432.82    2489.36    -699.233    -1523.26    2587.69    -604.723    -1696.14    1911.08    -496.682    -1192.98    2495    -519.275    
-1271.68    2359.1    -534.618    -1420.18    2524.08    -710.042    -1526.86    2586.11    -602.738    -1706.93    1923.43    -490.939    -1193.9    2503.83    -532.699    
-1251.54    2387.65    -540.375    -1409.03    2559.84    -717.889    -1529.76    2584.13    -600.661    -1717.56    1936.09    -485.239    -1195.82    2512.41    -546.296    
-1230.45    2420.49    -546.493    -1399.37    2595.71    -722.792    -1531.91    2581.81    -598.516    -1728.04    1949.04    -479.586    -1198.83    2520.58    -560.002    
-1208.15    2460.66    -553.821    -1390.92    2630.92    -725.028    -1533.31    2579.18    -596.319    -1738.35    1962.31    -473.986    -1203    2527.91    -573.676    
-1187.8    2518.32    -567.99    -1383.34    2664.93    -724.98    -1533.94    2576.27    -594.086    -1748.49    1975.88    -468.446    -1207.96    2533.1    -586.557    
-1213.32    2578.18    -612.948    -1376.29    2697.41    -723.036    -1533.78    2573.13    -591.837    -1758.45    1989.76    -462.971    -1208.15    2538.06    -595.551    
-1252.91    2598.66    -652.885    -1369.51    2728.19    -719.534    -1532.83    2569.77    -589.598    -1768.24    2003.96    -457.567    -1207.65    2548.08    -605.169    
-1287.47    2610.5    -685.471    -1362.79    2757.14    -714.76    -1531.06    2566.23    -587.405    -1777.84    2018.46    -452.242    -1208.93    2559.18    -615.648    
-1319.4    2619.4    -713.988    -1356.02    2784.13    -708.983    -1528.48    2562.56    -585.305    -1787.24    2033.29    -447.001    -1211.7    2570.61    -626.496    
-1349.93    2626.73    -739.508    -1349.21    2809.16    -702.459    -1525.07    2558.78    -583.353    -1796.43    2048.43    -441.852    -1215.83    2582.13    -637.495    
-1379.63    2632.94    -762.438    -1342.38    2832.28    -695.394    -1520.84    2554.96    -581.604    -1805.41    2063.88    -436.8    -1221.24    2593.64    -648.511    
-1408.71    2638.23    -782.975    -1335.55    2853.58    -687.938    -1515.81    2551.13    -580.116    -1814.16    2079.66    -431.855    -1227.9    2605.04    -659.441    
-1437.21    2642.68    -801.264    -1328.73    2873.14    -680.211    -1510    2547.36    -578.937    -1822.68    2095.76    -427.022    -1235.78    2616.25    -670.194    
-1465.06    2646.37    -817.463    -1321.93    2891.02    -672.312    -1503.44    2543.69    -578.113    -1830.94    2112.17    -422.309    -1244.86    2627.22    -680.685    
-1492.16    2649.39    -831.748    -1315.19    2907.26    -664.335    -1496.16    2540.18    -577.691    -1838.94    2128.89    -417.724    -1255.15    2637.85    -690.828    
-1518.45    2651.82    -844.302    -1308.54    2921.93    -656.362    -1488.18    2536.9    -577.714    -1846.66    2145.92    -413.274    -1266.62    2648.05    -700.535    
-1543.86    2653.72    -855.305    -1302.02    2935.07    -648.467    -1479.54    2533.93    -578.232    -1854.1    2163.25    -408.965    -1279.25    2657.74    -709.715    
-1568.37    2655.17    -864.92    -1295.7    2946.75    -640.712    -1470.28    2531.35    -579.301    -1861.23    2180.87    -404.806    -1293.01    2666.81    -718.273    
-1591.95    2656.24    -873.292    -1289.61    2957.03    -633.148    -1460.45    2529.25    -580.978    -1868.06    2198.77    -400.801    -1307.84    2675.15    -726.113    
-1614.6    2656.98    -880.544    -1283.8    2965.98    -625.814    -1450.11    2527.73    -583.329    -1874.57    2216.94    -396.958    -1323.68    2682.64    -733.136    
-1636.33    2657.44    -886.779    -1278.33    2973.68    -618.737    -1439.34    2526.91    -586.417    -1880.76    2235.36    -393.281    -1340.44    2689.17    -739.245    
-1657.15    2657.66    -892.081    -1273.21    2980.2    -611.932    -1428.25    2526.88    -590.307    -1886.62    2254.03    -389.777    -1357.99    2694.6    -744.347    
-1677.05    2657.68    -896.517    -1268.49    2985.62    -605.405    -1416.97    2527.74    -595.057    -1892.16    2272.92    -386.45    -1376.17    2698.82    -748.361    
-1696.07    2657.53    -900.142    -1264.18    2990    -599.156    -1405.66    2529.59    -600.715    -1897.36    2292.02    -383.306    -1394.8    2701.74    -751.217    
-1714.19    2657.24    -902.995    -1260.29    2993.4    -593.178    -1394.48    2532.51    -607.314    -1902.23    2311.32    -380.35    -1413.67    2703.25    -752.868    
-1731.43    2656.82    -905.107    -1256.83    2995.88    -587.464    -1383.64    2536.56    -614.864    -1906.78    2330.82    -377.587    -1432.55    2703.31    -753.289    
-1747.8    2656.31    -906.499    -1253.81    2997.47    -582.004    -1373.36    2541.75    -623.353    -1910.99    2350.5    -375.025    -1451.17    2701.88    -752.49    
-1763.29    2655.71    -907.185    -1251.21    2998.22    -576.792    -1363.84    2548.09    -632.74    -1914.88    2370.34    -372.67    -1469.29    2698.97    -750.508    
-1777.91    2655.04    -907.172    -1249.05    2998.14    -571.822    -1355.3    2555.53    -642.957    -1918.45    2390.36    -370.531    -1486.64    2694.64    -747.418    
-1791.65    2654.29    -906.463    -1247.31    2997.26    -567.092    -1347.94    2563.99    -653.907    -1921.68    2410.53    -368.619    -1502.99    2688.99    -743.324    
-1804.53    2653.48    -905.057    -1245.98    2995.59    -562.604    -1341.91    2573.39    -665.471    -1924.59    2430.85    -366.943    -1518.16    2682.14    -738.355    
-1816.54    2652.61    -902.951    -1245.08    2993.14    -558.365    -1337.37    2583.57    -677.515    -1927.17    2451.32    -365.519    -1531.97    2674.25    -732.661    
-1827.69    2651.66    -900.142    -1244.58    2989.92    -554.385    -1334.39    2594.39    -689.894    -1929.4    2471.93    -364.36    -1544.35    2665.51    -726.4    
-1837.97    2650.65    -896.626    -1244.51    2985.92    -550.682    -1333.02    2605.7    -702.46    -1931.29    2492.67    -363.482    -1555.23    2656.1    -719.73    
-1847.4    2649.56    -892.401    -1244.85    2981.15    -547.275    -1333.27    2617.34    -715.072    -1932.82    2513.53    -362.902    -1564.61    2646.24    -712.803    
-1855.97    2648.38    -887.466    -1245.62    2975.6    -544.19    -1335.1    2629.15    -727.599    -1933.98    2534.51    -362.639    -1572.56    2636.11    -705.755    
-1863.69    2647.12    -881.821    -1246.83    2969.28    -541.456    -1338.46    2641    -739.927    -1934.76    2555.57    -362.711    -1579.14    2625.88    -698.707    
-1870.57    2645.77    -875.468    -1248.48    2962.19    -539.104    -1343.26    2652.78    -751.956    -1935.15    2576.72    -363.134    -1584.48    2615.72    -691.758    
-1876.6    2644.33    -868.411    -1250.6    2954.32    -537.168    -1349.39    2664.37    -763.606    -1935.12    2597.92    -363.925    -1588.69    2605.76    -684.986    
-1881.79    2642.8    -860.652    -1253.21    2945.71    -535.684    -1356.76    2675.7    -774.812    -1934.68    2619.14    -365.097    -1591.93    2596.13    -678.453    
-1886.12    2641.2    -852.198    -1256.32    2936.34    -534.687    -1365.26    2686.7    -785.526    -1933.82    2640.37    -366.661    -1594.31    2586.93    -672.206    
-1889.61    2639.52    -843.052    -1259.97    2926.25    -534.213    -1374.77    2697.33    -795.711    -1932.52    2661.57    -368.624    -1595.98    2578.24    -666.276    
-1892.23    2637.79    -833.222    -1264.18    2915.46    -534.296    -1385.21    2707.55    -805.342    -1930.78    2682.71    -370.992    -1597.06    2570.12    -660.689    
-1893.98    2636.01    -822.713    -1268.99    2903.98    -534.966    -1396.46    2717.34    -814.403    -1928.62    2703.76    -373.765    -1597.65    2562.64    -655.461    
-1894.83    2634.21    -811.533    -1274.43    2891.85    -536.251    -1408.45    2726.67    -822.882    -1926.01    2724.69    -376.943    -1597.86    2555.83    -650.603    
-1894.78    2632.41    -799.693    -1280.53    2879.1    -538.175    -1421.11    2735.55    -830.774    -1922.99    2745.48    -380.524    -1597.78    2549.73    -646.121    
-1893.78    2630.64    -787.206    -1287.34    2865.76    -540.761    -1434.35    2743.98    -838.074    -1919.54    2766.1    -384.504    -1597.48    2544.35    -642.023    
-1891.82    2628.93    -774.088    -1294.89    2851.87    -544.024    -1448.13    2751.94    -844.78    -1915.68    2786.52    -388.879    -1597.02    2539.7    -638.31    
-1888.87    2627.32    -760.362    -1303.24    2837.46    -547.978    -1462.39    2759.45    -850.892    -1911.42    2806.74    -393.645    -1596.48    2535.81    -634.985    
-1884.88    2625.83    -746.056    -1312.41    2822.57    -552.632    -1477.07    2766.52    -856.409    -1906.77    2826.71    -398.798    -1595.88    2532.67    -632.049    
-1879.81    2624.51    -731.207    -1322.48    2807.23    -557.993    -1492.14    2773.14    -861.327    -1901.74    2846.44    -404.335    -1595.29    2530.29    -629.503    
-1873.61    2623.39    -715.863    -1333.48    2791.47    -564.064    -1507.57    2779.33    -865.643    -1896.33    2865.89    -410.253    -1594.74    2528.66    -627.346    
-1866.24    2622.5    -700.083    -1345.49    2775.31    -570.844    -1523.3    2785.1    -869.353    -1890.56    2885.06    -416.552    -1594.27    2527.8    -625.578    
-1857.63    2621.88    -683.939    -1358.56    2758.77    -578.33    -1539.32    2790.45    -872.45    -1884.44    2903.92    -423.23    -1593.9    2527.7    -624.199    
-1847.72    2621.54    -667.518    -1372.79    2741.85    -586.516    -1555.6    2795.4    -874.925    -1877.97    2922.46    -430.289    -1593.68    2528.36    -623.207    
-1836.44    2621.5    -650.926    -1388.27    2724.56    -595.39    -1572.1    2799.95    -876.768    -1871.16    2940.66    -437.73    -1593.64    2529.79    -622.6    
-1823.71    2621.75    -634.287    -1405.13    2706.86    -604.934    -1588.79    2804.11    -877.967    -1864.02    2958.51    -445.556    -1593.8    2531.99    -622.375    
-1809.42    2622.25    -617.749    -1423.55    2688.67    -615.118    -1605.65    2807.9    -878.508    -1856.56    2975.98    -453.771    -1594.21    2534.98    -622.526    
-1793.48    2622.96    -601.489    -1443.77    2669.89    -625.888    -1622.65    2811.32    -878.375    -1848.78    2993.05    -462.38    -1594.88    2538.78    -623.047    
-1775.74    2623.78    -585.726    -1466.18    2650.28    -637.137    -1639.75    2814.39    -877.553    -1840.71    3009.71    -471.389    -1595.85    2543.4    -623.928    
-1756.05    2624.57    -570.742    -1491.45    2629.43    -648.626    -1656.92    2817.12    -876.024    -1832.35    3025.93    -480.806    -1597.14    2548.88    -625.155    
-1734.22    2625.16    -556.918    -1520.9    2606.58    -659.698    -1674.12    2819.54    -873.773    -1823.71    3041.69    -490.639    -1598.76    2555.29    -626.717    
-1710.07    2625.3    -544.794    -1557.78    2580.18    -667.85    -1691.31    2821.64    -870.784    -1814.81    3056.96    -500.896    -1600.62    2562.72    -628.66    
-1683.45    2624.69    -535.155    -1609.49    2551.73    -657.501    -1708.44    2823.47    -867.043    -1805.68    3071.72    -511.585    -1602.49    2571.16    -631.527    
-1654.47    2623.03    -529.106    -1651.51    2550.99    -612.277    -1725.47    2825.02    -862.539    -1796.33    3085.92    -522.712    -1605.37    2579.43    -635.854    
-1623.81    2620.09    -527.995    -1674.34    2566.3    -571.077    -1742.33    2826.34    -857.263    -1786.8    3099.54    -534.28    -1609.62    2588.05    -639.888    
-1593    2615.94    -532.92    -1690.38    2585.37    -535.769    -1758.97    2827.43    -851.212    -1777.12    3112.55    -546.288    -1614.57    2597.51    -643.42    
-1563.9    2611.25    -544.026    -1702.96    2605.86    -504.578    -1775.32    2828.31    -844.385    -1767.32    3124.9    -558.73    -1619.91    2607.84    -646.51    
-1537.97    2606.85    -560.445    -1713.69    2627    -476.528    -1791.3    2829.01    -836.787    -1757.45    3136.56    -571.593    -1625.41    2618.98    -649.314    
-1515.91    2603.37    -580.702    -1723.32    2648.55    -450.964    -1806.84    2829.53    -828.43    -1747.55    3147.5    -584.857    -1631.03    2630.87    -652.052    
-1497.68    2601.14    -603.354    -1732.25    2670.43    -427.463    -1821.84    2829.9    -819.331    -1737.66    3157.69    -598.494    -1636.8    2643.49    -654.933    
-1482.86    2600.23    -627.337    -1740.71    2692.6    -405.744    -1836.23    2830.1    -809.513    -1727.83    3167.1    -612.468    -1642.85    2656.84    -658.107    
-1470.92    2600.58    -651.968    -1748.83    2715.01    -385.615    -1849.9    2830.15    -799.004    -1718.08    3175.73    -626.74    -1649.31    2670.94    -661.674    
-1461.4    2602.1    -676.834    -1756.7    2737.64    -366.935    -1862.73    2830.04    -787.839    -1708.47    3183.54    -641.264    -1656.34    2685.84    -665.694    
-1453.92    2604.68    -701.693    -1764.38    2760.45    -349.598    -1874.63    2829.76    -776.058    -1699.02    3190.55    -655.993    -1664.07    2701.57    -670.199    
-1448.17    2608.21    -726.401    -1771.92    2783.42    -333.525    -1885.45    2829.29    -763.704    -1689.76    3196.74    -670.879    -1672.69    2718.14    -675.204    
-1443.89    2612.61    -750.876    -1779.35    2806.51    -318.652    -1895.04    2828.64    -750.829    -1680.72    3202.12    -685.875    -1682.38    2735.6    -680.705    
-1440.91    2617.8    -775.068    -1786.7    2829.69    -304.925    -1903.23    2827.79    -737.496    -1671.91    3206.68    -700.936    -1693.36    2753.94    -686.678    
-1439.06    2623.7    -798.951    -1794    2852.92    -292.302    -1909.79    2826.75    -723.787    -1663.36    3210.44    -716.02    -1705.88    2773.17    -693.07    
-1438.21    2630.25    -822.51    -1801.26    2876.18    -280.745    -1914.46    2825.57    -709.818    -1655.08    3213.38    -731.086    -1720.26    2793.26    -699.787    
-1438.26    2637.41    -845.736    -1808.49    2899.42    -270.223    -1916.92    2824.34    -695.761    -1647.1    3215.52    -746.097    -1736.89    2814.09    -706.658    
-1439.12    2645.13    -868.627    -1815.71    2922.62    -260.708    -1916.75    2823.23    -681.892    -1639.45    3216.84    -761.019    -1756.21    2835.46    -713.393    
-1440.71    2653.37    -891.182    -1822.93    2945.73    -252.172    -1913.52    2822.61    -668.65    -1632.15    3217.36    -775.817    -1778.74    2856.95    -719.502    
-1442.96    2662.09    -913.401    -1830.14    2968.73    -244.592    -1906.86    2823.08    -656.726    -1625.25    3217.09    -790.458    -1804.89    2877.83    -724.197    
-1445.83    2671.26    -935.282    -1837.35    2991.58    -237.944    -1896.75    2825.59    -647.096    -1618.79    3216.05    -804.913    -1834.65    2896.97    -726.349    
-1449.25    2680.87    -956.821    -1844.55    3014.25    -232.203    -1883.95    2831.27    -640.832    -1612.81    3214.28    -819.152    -1867.08    2912.96    -724.716    
-1453.19    2690.89    -978.012    -1851.75    3036.71    -227.344    -1870.19    2840.97    -638.566    -1607.31    3211.85    -833.149    -1900.12    2924.78    -718.569    
-1457.61    2701.3    -998.847    -1858.93    3058.96    -223.342    -1857.56    2854.65    -640.027    -1602.31    3208.8    -846.882    -1931.3    2932.39    -708.259    
-1462.48    2712.11    -1019.31    -1866.09    3080.96    -220.17    -1847.48    2871.54    -644.239    -1597.79    3205.2    -860.328    -1958.94    2936.69    -694.963    
-1467.78    2723.31    -1039.4    -1873.23    3102.72    -217.805    -1840.42    2890.59    -650.132    -1593.75    3201.07    -873.466    -1982.49    2938.88    -679.978    
-1473.47    2734.91    -1059.11    -1880.35    3124.21    -216.222    -1836.25    2910.96    -656.888    -1590.19    3196.44    -886.274    -2002.12    2939.92    -664.295    
-1479.54    2746.91    -1078.41    -1887.45    3145.43    -215.401    -1834.56    2932.06    -663.991    -1587.09    3191.33    -898.725    -2018.31    2940.5    -648.555    
-1485.97    2759.32    -1097.31    -1894.54    3166.36    -215.321    -1834.92    2953.52    -671.143    -1584.48    3185.76    -910.795    -2031.57    2941.06    -633.137    
-1492.74    2772.14    -1115.78    -1901.62    3187    -215.963    -1836.92    2975.1    -678.187    -1582.36    3179.76    -922.459    -2042.36    2941.84    -618.254    
-1499.82    2785.4    -1133.83    -1908.7    3207.32    -217.311    -1840.23    2996.65    -685.047    -1580.75    3173.35    -933.692    -2051.1    2943    -604.021    
-1507.22    2799.11    -1151.42    -1915.78    3227.31    -219.346    -1844.55    3018.05    -691.696    -1579.67    3166.56    -944.473    -2058.09    2944.64    -590.491    
-1514.9    2813.27    -1168.54    -1922.85    3246.96    -222.054    -1849.65    3039.26    -698.134    -1579.12    3159.44    -954.787    -2063.62    2946.79    -577.685    
-1522.86    2827.91    -1185.16    -1929.92    3266.26    -225.419    -1855.34    3060.2    -704.373    -1579.13    3152.02    -964.622    -2067.89    2949.48    -565.602    
-1531.09    2843.03    -1201.26    -1936.99    3285.19    -229.428    -1861.46    3080.84    -710.431    -1579.69    3144.34    -973.973    -2071.1    2952.72    -554.229    
-1539.58    2858.66    -1216.78    -1944.05    3303.75    -234.066    -1867.89    3101.15    -716.325    -1580.81    3136.47    -982.844    -2073.37    2956.49    -543.549    
-1548.3    2874.81    -1231.7    -1951.12    3321.9    -239.321    -1874.53    3121.1    -722.073    -1582.48    3128.44    -991.243    -2074.85    2960.79    -533.539    
-1557.25    2891.48    -1245.95    -1958.17    3339.66    -245.181    -1881.31    3140.67    -727.686    -1584.7    3120.31    -999.187    -2075.63    2965.6    -524.177    
-1566.42    2908.68    -1259.48    -1965.22    3356.99    -251.635    -1888.17    3159.82    -733.175    -1587.45    3112.11    -1006.69    -2075.79    2970.9    -515.441    
-1575.79    2926.4    -1272.22    -1972.25    3373.9    -258.672    -1895.05    3178.56    -738.544    -1590.71    3103.88    -1013.79    -2075.4    2976.67    -507.308    
-1585.35    2944.63    -1284.1    -1979.26    3390.36    -266.283    -1901.93    3196.87    -743.799    -1594.46    3095.67    -1020.51    -2074.54    2982.89    -499.76    
-1595.08    2963.33    -1295.04    -1986.24    3406.38    -274.459    -1908.78    3214.74    -748.939    -1598.69    3087.5    -1026.87    -2073.24    2989.55    -492.776    
-1604.95    2982.47    -1304.97    -1993.2    3421.93    -283.192    -1915.59    3232.17    -753.963    -1603.36    3079.4    -1032.9    -2071.57    2996.63    -486.341    
-1614.96    3001.98    -1313.83    -2000.12    3437.01    -292.474    -1922.33    3249.15    -758.87    -1608.47    3071.42    -1038.64    -2069.54    3004.11    -480.439    
-1625.08    3021.78    -1321.56    -2006.99    3451.61    -302.299    -1929    3265.69    -763.656    -1613.97    3063.56    -1044.1    -2067.21    3011.97    -475.058    
-1635.3    3041.8    -1328.12    -2013.81    3465.71    -312.663    -1935.6    3281.79    -768.318    -1619.87    3055.86    -1049.32    -2064.59    3020.21    -470.184    
-1645.59    3061.93    -1333.5    -2020.57    3479.31    -323.561    -1942.12    3297.45    -772.851    -1626.13    3048.34    -1054.31    -2061.71    3028.8    -465.807    
-1655.94    3082.09    -1337.7    -2027.26    3492.39    -334.989    -1948.56    3312.68    -777.252    -1632.73    3041.02    -1059.08    -2058.6    3037.73    -461.92    
-1666.34    3102.18    -1340.74    -2033.87    3504.95    -346.947    -1954.91    3327.48    -781.517    -1639.67    3033.92    -1063.65    -2055.28    3047    -458.513    
-1676.78    3122.13    -1342.65    -2040.4    3516.96    -359.434    -1961.18    3341.86    -785.642    -1646.91    3027.05    -1068.02    -2051.77    3056.59    -455.58    
-1687.26    3141.86    -1343.5    -2046.82    3528.42    -372.45    -1967.36    3355.82    -789.621    -1654.45    3020.42    -1072.2    -2048.08    3066.48    -453.115    
-1697.78    3161.32    -1343.33    -2053.13    3539.32    -385.999    -1973.46    3369.38    -793.452    -1662.26    3014.06    -1076.18    -2044.23    3076.68    -451.115    
-1708.33    3180.47    -1342.22    -2059.31    3549.63    -400.086    -1979.47    3382.54    -797.13    -1670.34    3007.95    -1079.97    -2040.24    3087.17    -449.576    
-1718.91    3199.29    -1340.21    -2065.36    3559.36    -414.717    -1985.4    3395.31    -800.651    -1678.67    3002.12    -1083.57    -2036.12    3097.94    -448.495    
-1729.54    3217.75    -1337.38    -2071.25    3568.47    -429.902    -1991.23    3407.68    -804.012    -1687.24    2996.55    -1086.98    -2031.88    3108.99    -447.871    
-1740.22    3235.84    -1333.78    -2076.96    3576.95    -445.655    -1996.98    3419.67    -807.206    -1696.02    2991.27    -1090.19    -2027.54    3120.3    -447.702    
-1750.95    3253.57    -1329.45    -2082.49    3584.78    -461.99    -2002.64    3431.28    -810.231    -1705.02    2986.25    -1093.2    -2023.11    3131.88    -447.989    
-1761.75    3270.95    -1324.43    -2087.81    3591.95    -478.931    -2008.21    3442.52    -813.082    -1714.22    2981.51    -1096.01    -2018.59    3143.72    -448.732    
-1772.61    3287.97    -1318.77    -2092.88    3598.41    -496.503    -2013.69    3453.39    -815.752    -1723.6    2977.05    -1098.63    -2014.01    3155.81    -449.933    
-1783.55    3304.65    -1312.49    -2097.7    3604.15    -514.74    -2019.07    3463.89    -818.238    -1733.16    2972.86    -1101.04    -2009.38    3168.15    -451.593    
-1794.57    3321.01    -1305.61    -2102.22    3609.13    -533.685    -2024.35    3474.04    -820.533    -1742.9    2968.95    -1103.25    -2004.7    3180.74    -453.717    
-1805.68    3337.06    -1298.16    -2106.41    3613.3    -553.392    -2029.54    3483.82    -822.631    -1752.79    2965.31    -1105.27    -1999.99    3193.56    -456.307    
-1816.9    3352.81    -1290.14    -2110.22    3616.62    -573.934    -2034.63    3493.25    -824.523    -1762.83    2961.94    -1107.07    -1995.26    3206.62    -459.368    
-1828.23    3368.28    -1281.56    -2113.59    3619.02    -595.401    -2039.61    3502.33    -826.202    -1773.02    2958.84    -1108.68    -1990.53    3219.92    -462.906    
-1839.67    3383.49    -1272.43    -2116.46    3620.41    -617.92    -2044.48    3511.06    -827.657    -1783.34    2956.01    -1110.09    -1985.8    3233.45    -466.927    
-1851.24    3398.44    -1262.75    -2118.71    3620.69    -641.661    -2049.24    3519.45    -828.877    -1793.79    2953.45    -1111.29    -1981.09    3247.21    -471.438    
